c1 0.000000 0.000000 -1.172795 -1.012868 0.000013
c2 -0.000180 -0.000156 -5.028689 1.607304 0.000167
c3 -0.000183 -0.000155 -2.172592 4.658287 0.000167
c4 -0.000206 -0.000104 2.897065 3.995023 0.000178
c5 -0.000165 -0.000048 4.330996 -1.312281 0.000192
c6 0.000024 -0.000105 3.039481 -5.759458 0.000236
c7 0.000139 -0.000322 4.198178 -5.952645 0.000274
c8 0.000165 -0.000360 3.995851 -6.438086 0.000280
c9 0.000436 -0.000796 3.466619 -6.209492 0.000348
c10 0.000618 -0.001122 -0.507126 -3.937095 0.000401
c11 0.000608 -0.001203 -2.976480 -4.425937 0.000421
c12 0.000445 -0.001445 -0.957812 -5.111660 0.000476
c13 0.000417 -0.001593 -1.300210 1.499607 0.000505
c14 0.000153 -0.001288 -0.490352 -0.410853 0.000708
c15 0.000147 -0.001293 -1.662130 -4.812867 0.000720
c16 -0.000169 -0.002209 -2.912496 -7.765502 0.000910
c17 -0.000657 -0.003509 -1.779371 -3.875347 0.001078
c18 -0.001637 -0.005643 -6.427985 2.308068 0.001628
c19 -0.004235 -0.004710 -4.446901 0.620585 0.002032
c20 -0.005242 -0.004570 -3.261077 2.301754 0.002259
c21 -0.009710 -0.001416 1.831503 -1.865955 0.003629
c22 -0.009364 -0.001769 3.254562 -3.839417 0.003818
c23 -0.007818 -0.003593 0.851285 -4.594825 0.004293
c24 -0.007514 -0.005230 1.360705 -5.016839 0.004650
c25 -0.006697 -0.008243 -0.711335 -1.063382 0.005250
c26 -0.006943 -0.008611 -0.953703 -3.362882 0.005596
c27 -0.007024 -0.008895 -3.317265 -1.214991 0.005681
c28 -0.007490 -0.009066 -4.955251 -1.112827 0.005821
c29 -0.010245 -0.009684 -3.605994 -8.086250 0.006377
c30 -0.011283 -0.012013 1.170041 -9.064800 0.006665
c31 -0.010938 -0.014690 5.604668 -5.510742 0.006960
c32 -0.010505 -0.015116 -2.652780 -1.619181 0.007038
c33 -0.011256 -0.015575 -2.135953 -4.529415 0.007321
c34 -0.011635 -0.016378 -1.797425 -3.445237 0.007498
c35 -0.011979 -0.017037 9.271156 -0.493762 0.007690
c36 -0.010540 -0.017114 3.614488 5.126858 0.007845
c37 -0.009171 -0.015172 6.577364 4.071339 0.008224
c38 -0.007945 -0.014414 4.390969 -1.817169 0.008410
c39 -0.007345 -0.014662 6.190428 -4.170328 0.008547
c40 -0.004959 -0.016269 0.531868 -4.140443 0.008932
c41 -0.004840 -0.017199 -1.992048 -3.618866 0.009157
c42 -0.006117 -0.019519 7.256546 -4.123533 0.009798
c43 -0.002357 -0.021656 4.855080 -4.116629 0.010316
c44 -0.002052 -0.021915 7.134455 -2.979798 0.010379
c45 -0.001855 -0.021997 4.437076 -1.534302 0.010406
c46 -0.000992 -0.022296 0.683064 5.685234 0.010601
c47 -0.000912 -0.021633 4.700348 0.628240 0.010718
c48 0.000077 -0.021501 9.686907 2.088160 0.010928
c49 0.000303 -0.021452 -1.747680 2.375527 0.010951
c50 0.000277 -0.021417 -2.398399 -3.368817 0.010966
c51 0.000056 -0.021727 -1.228958 -3.125548 0.011059
c52 -0.000246 -0.022496 -3.109517 -2.521496 0.011305
c53 -0.001266 -0.023322 -3.142370 -6.505723 0.011632
c54 -0.001785 -0.024397 -0.809773 -3.699804 0.011798
c55 -0.002015 -0.025449 5.858458 -1.446844 0.012082
c56 -0.001691 -0.025530 3.213362 6.036074 0.012137
c57 -0.001068 -0.024359 4.524954 -0.410499 0.012331
c58 0.002685 -0.024700 1.357103 -5.570749 0.013161
c59 0.003114 -0.026458 4.179073 -3.215072 0.013476
c60 0.004957 -0.027876 5.415247 1.166049 0.013918
c61 0.007421 -0.027345 -2.166634 4.460821 0.014372
c62 0.007093 -0.026671 1.713324 6.829080 0.014524
c63 0.007537 -0.024901 4.137589 6.863750 0.014783
c64 0.008191 -0.023816 3.382523 0.400104 0.014941
c65 0.010446 -0.023549 -5.286565 0.837878 0.015607
c66 0.009245 -0.023359 -3.189859 2.321620 0.015835
c67 0.008329 -0.022692 -0.263918 1.571292 0.016122
c68 0.008322 -0.022647 -1.436876 0.079914 0.016151
c69 0.008284 -0.022645 -2.067002 -0.714314 0.016176
c70 0.007368 -0.022961 5.897538 1.390674 0.016620
c71 0.007682 -0.022887 -1.052829 -0.601667 0.016673
c72 0.007276 -0.023119 4.807164 5.196878 0.017059
c73 0.008989 -0.021267 5.273058 4.225021 0.017415
c74 0.010039 -0.020426 3.940008 6.918612 0.017614
c75 0.010930 -0.018862 6.094739 0.800962 0.017840
c76 0.011176 -0.018830 -3.697008 4.094562 0.017880
c77 0.010063 -0.017598 -3.200245 3.249464 0.018181
c78 0.008112 -0.015617 4.896367 -0.603721 0.018791
c79 0.010654 -0.015930 2.426253 -6.303239 0.019310
c80 0.011856 -0.019054 -3.462409 2.947843 0.019805
c81 0.011776 -0.018985 -3.961184 -3.102019 0.019829
c82 0.011376 -0.019299 0.123817 -4.596388 0.019930
c83 0.011415 -0.020769 -1.371587 -3.285043 0.020250
c84 0.010956 -0.021869 -7.426447 -2.977404 0.020584
c85 0.009384 -0.022499 -4.101950 -4.931636 0.020796
c86 0.007958 -0.024213 -0.641986 -7.451507 0.021144
c87 0.007933 -0.024504 -6.087578 -2.984963 0.021183
c88 0.004963 -0.025960 -5.790087 -6.667001 0.021670
c89 0.003387 -0.027775 -3.292127 -2.825666 0.021943
c90 0.002855 -0.028232 5.618578 -3.297080 0.022104
c91 0.008261 -0.031404 8.986089 1.203321 0.023066
c92 0.014011 -0.030634 2.353882 1.203936 0.023706
c93 0.017165 -0.029021 1.411704 -1.822324 0.025046
c94 0.017558 -0.029529 0.465811 3.951176 0.025325
c95 0.017637 -0.028866 -0.598035 5.311835 0.025493
c96 0.017582 -0.028381 4.957941 3.791009 0.025584
c97 0.018018 -0.028048 3.689119 6.114395 0.025672
c98 0.018201 -0.027743 2.461370 3.145050 0.025722
c99 0.018225 -0.027713 4.300654 4.186114 0.025731
c100 0.018974 -0.026984 2.629488 4.450177 0.025906
c101 0.019043 -0.026867 -0.082114 6.088678 0.025932
c102 0.018930 -0.018434 1.253128 2.050051 0.027317
c103 0.019582 -0.017367 -4.075435 -1.176833 0.027837
c104 0.019228 -0.017469 -5.061422 -5.871215 0.027924
c105 0.016965 -0.020094 -5.405500 -7.362257 0.028371
c106 0.014930 -0.022865 -0.550685 -8.027106 0.028747
c107 0.014824 -0.024420 -4.917098 -3.381730 0.028941
c108 0.011339 -0.026816 4.029227 -2.621527 0.029650
c109 0.012484 -0.027560 3.271193 -4.677032 0.029934
c110 0.012917 -0.028181 1.072295 -5.541122 0.030066
c111 0.013136 -0.029308 3.852966 -5.998962 0.030270
c112 0.016042 -0.033833 5.349200 0.398990 0.031024
c113 0.018263 -0.033667 -1.515686 3.110900 0.031439
c114 0.018201 -0.033539 -1.424150 -0.806170 0.031480
c115 0.018105 -0.033594 -8.612111 -1.711285 0.031548
c116 0.011223 -0.034961 -6.011128 0.816359 0.032347
c117 0.006707 -0.034348 -1.440497 -0.105154 0.033098
c118 0.006327 -0.034375 7.427958 5.109012 0.033361
c119 0.010042 -0.031820 7.248209 -2.322389 0.033862
c120 0.010973 -0.032118 3.531418 -9.541939 0.033990
c121 0.011868 -0.034538 -0.860261 -6.676662 0.034244
c122 0.011470 -0.037628 4.241427 -4.219078 0.034706
c123 0.012432 -0.038585 5.894336 -0.763610 0.034933
c124 0.015790 -0.039020 -0.960694 1.988714 0.035503
c125 0.015686 -0.038805 4.394241 -0.993154 0.035611
c126 0.017662 -0.039252 1.021127 -0.875000 0.036061
c127 0.018534 -0.039999 3.920348 -1.611332 0.036915
c128 0.018809 -0.040112 3.756001 -2.087807 0.036985
c129 0.019603 -0.040255 0.020381 2.911205 0.037249
c130 0.019609 -0.039392 -1.897712 -2.381807 0.037545
c131 0.019143 -0.039976 3.099824 -10.497412 0.037790
c132 0.015961 -0.035710 -3.858709 6.684190 0.038398
c133 0.012959 -0.030512 2.171740 3.660923 0.039176
c134 0.013233 -0.030051 -0.528833 -0.462475 0.039302
c135 0.013045 -0.030215 -0.128776 -6.229194 0.039658
c136 0.013026 -0.031146 1.715699 -0.063511 0.039807
c137 0.013094 -0.031149 4.738646 3.137859 0.039847
c138 0.015268 -0.029709 -1.167159 4.092130 0.040306
c139 0.014559 -0.027225 -2.637046 -0.809210 0.040913
c140 0.013739 -0.027477 -1.043736 -0.085138 0.041224
c141 0.012811 -0.027552 4.643092 2.197861 0.042113
c142 0.014348 -0.026825 0.847646 6.734439 0.042444
c143 0.014934 -0.022170 5.359400 -0.981695 0.043136
c144 0.015517 -0.022277 -1.019735 -1.231143 0.043244
c145 0.015468 -0.022337 -3.038407 -2.183764 0.043293
c146 0.014897 -0.022747 11.094673 0.283083 0.043481
c147 0.015893 -0.022721 6.770394 -1.592186 0.043570
c148 0.016847 -0.022946 3.662149 -1.372485 0.043711
c149 0.017990 -0.023374 7.721098 3.259334 0.044023
c150 0.018355 -0.023220 3.133628 4.127475 0.044071
c151 0.022681 -0.017521 1.564244 3.818661 0.045451
c152 0.023320 -0.015961 -3.212892 1.589658 0.045860
c153 0.022589 -0.015600 -8.376095 0.651346 0.046087
c154 0.022059 -0.015559 -5.809536 -1.484993 0.046150
c155 0.020744 -0.015895 -9.393324 5.798625 0.046377
c156 0.020581 -0.015794 -3.022156 8.959623 0.046394
c157 0.020573 -0.015770 -0.090215 -1.763554 0.046397
c158 0.020563 -0.015969 -3.602467 4.623710 0.046509
c159 0.019537 -0.014652 -2.034132 2.914263 0.046794
c160 0.019482 -0.014574 -3.212747 0.124009 0.046821
c161 0.018920 -0.014552 -1.263956 0.119952 0.046996
c162 0.018109 -0.014475 6.330868 -0.588002 0.047637
c163 0.018850 -0.014544 0.112916 3.889286 0.047754
c164 0.018865 -0.014039 2.097492 6.409537 0.047884
c165 0.019261 -0.012830 -3.359632 3.769227 0.048073
c166 0.016734 -0.009995 -3.046630 0.502982 0.048825
c167 0.016379 -0.009937 2.221369 -3.268104 0.048942
c168 0.016497 -0.010111 4.782925 -1.598390 0.048995
c169 0.019538 -0.011127 0.161628 1.776278 0.049631
c170 0.019544 -0.011063 0.334442 5.535634 0.049667
c171 0.019608 -0.010008 -3.821929 2.655761 0.049857
c172 0.019017 -0.009597 -1.771379 1.802142 0.050012
c173 0.018820 -0.009397 3.840082 3.112226 0.050123
c174 0.019463 -0.008876 5.533931 -0.135064 0.050290
c175 0.019515 -0.008877 -0.775764 -6.564229 0.050300
c176 0.019219 -0.011388 -3.844676 -6.545379 0.050682
c177 0.019075 -0.011634 -3.015952 -9.026884 0.050720
c178 0.019018 -0.011805 3.712821 -10.812249 0.050739
c179 0.019861 -0.014262 -5.007533 -2.263455 0.050966
c180 0.019654 -0.014356 0.449148 -2.870016 0.051007
c181 0.019843 -0.015567 -3.083870 -1.730046 0.051429
c182 0.018391 -0.016382 1.722559 3.280255 0.051900
c183 0.018458 -0.016255 5.328318 4.539706 0.051939
c184 0.022218 -0.013050 -2.450456 5.887271 0.052645
c185 0.019551 -0.006642 -3.285521 5.971141 0.053734
c186 0.017920 -0.003677 -8.068795 5.112258 0.054230
c187 0.015657 -0.002243 -3.463999 6.150756 0.054511
c188 0.015279 -0.001571 -3.250790 -0.279907 0.054620
c189 0.012814 -0.001784 -7.049871 2.394205 0.055378
c190 0.011574 -0.001362 -2.124390 -1.053392 0.055554
c191 0.011522 -0.001389 7.896712 6.606630 0.055579
c192 0.015358 0.001821 2.649936 5.867368 0.056065
c193 0.015566 0.002282 5.714727 0.948042 0.056143
c194 0.015662 0.002298 2.658726 -0.268911 0.056160
c195 0.016625 0.002201 1.905404 -0.840998 0.056522
c196 0.017827 0.001670 6.004085 4.419040 0.057153
c197 0.018905 0.002464 3.080037 5.670853 0.057332
c198 0.019964 0.004414 2.470183 4.341440 0.057676
c199 0.020878 0.006021 0.410768 -1.404708 0.058046
c200 0.020878 0.006020 -1.052303 1.100631 0.058047
c201 0.020552 0.006361 2.486345 3.604944 0.058357
c202 0.020840 0.006778 -2.609694 3.359001 0.058472
c203 0.020319 0.007448 -10.614394 -5.255780 0.058672
c204 0.012181 0.003419 -2.571613 2.247121 0.059439
c205 0.010764 0.004657 -2.762149 -1.341735 0.059990
c206 0.010353 0.004457 -1.137163 -4.027507 0.060138
c207 0.010047 0.003371 1.472384 -4.896086 0.060408
c208 0.010487 0.001907 3.410065 -1.957111 0.060707
c209 0.010535 0.001880 8.514715 -3.689326 0.060721
c210 0.012528 0.001016 0.533585 3.339697 0.060955
c211 0.012859 0.003093 0.737705 6.864549 0.061577
c212 0.013015 0.004540 -7.699765 -3.839114 0.061788
c213 0.012820 0.004443 -4.912774 1.357223 0.061813
c214 0.012457 0.004544 -4.254243 -7.114635 0.061887
c215 0.009791 0.000086 -2.029261 -8.441433 0.062514
c216 0.009671 -0.000413 2.637932 -6.177397 0.062573
c217 0.009804 -0.000724 -1.004061 -1.081729 0.062623
c218 0.009787 -0.000742 -0.668996 -4.535661 0.062640
c219 0.009497 -0.002711 -0.807043 -3.120078 0.063074
c220 0.009335 -0.003338 -7.533890 -2.043902 0.063275
c221 0.008806 -0.003482 -7.076359 -6.411572 0.063345
c222 0.007255 -0.004887 -2.642632 -5.210171 0.063564
c223 0.007108 -0.005177 1.721792 0.069966 0.063620
c224 0.007563 -0.005158 3.017899 0.837978 0.063884
c225 0.010052 -0.004467 -1.549754 0.538416 0.064709
c226 0.009912 -0.004419 -5.446827 4.379535 0.064799
c227 0.008981 -0.003670 -5.122536 2.289179 0.064970
c228 0.008234 -0.003336 -1.613986 -1.493803 0.065116
c229 0.007151 -0.004339 0.899739 2.183899 0.065787
c230 0.007254 -0.004089 0.042146 -1.532548 0.065901
c231 0.007263 -0.004408 1.167066 1.908242 0.066110
c232 0.007399 -0.004185 0.494107 -2.731025 0.066227
c233 0.007947 -0.007214 0.268932 -5.163704 0.067336
c234 0.008015 -0.008523 -2.345784 -1.133357 0.067589
c235 0.005273 -0.009848 -2.764640 6.162907 0.068758
c236 0.003862 -0.006702 0.294740 2.219208 0.069269
c237 0.003875 -0.006607 -1.379680 5.828104 0.069311
c238 0.003526 -0.005135 -0.369919 4.916855 0.069564
c239 0.003355 -0.002863 -1.308834 3.988869 0.070026
c240 0.003355 -0.002862 0.555485 -2.194738 0.070026
c241 0.003818 -0.004693 -0.198652 -3.614287 0.070860
c242 0.003807 -0.004897 1.736537 -5.494170 0.070917
c243 0.003962 -0.005388 1.231304 -7.721580 0.071006
c244 0.004142 -0.006521 -10.672017 -7.036482 0.071153
c245 -0.007913 -0.014469 -6.500845 -8.179428 0.072283
c246 -0.009073 -0.015930 -5.348535 -9.419342 0.072461
c247 -0.010060 -0.017667 -3.767817 -5.311378 0.072645
c248 -0.010326 -0.018043 -5.276395 -3.694447 0.072716
c249 -0.011078 -0.018569 -3.885145 -8.279512 0.072859
c250 -0.011184 -0.018795 -2.842764 -3.451536 0.072886
c251 -0.011603 -0.019303 -0.988906 -4.050140 0.073033
c252 -0.011850 -0.020316 0.143882 -2.658488 0.073283
c253 -0.011838 -0.020540 2.985691 1.943280 0.073368
c254 -0.010133 -0.019431 -1.290148 -3.956108 0.073939
c255 -0.010206 -0.019654 -2.891685 -0.651868 0.073995
c256 -0.010781 -0.019784 2.386930 -0.609319 0.074194
c257 -0.010341 -0.019896 2.242639 -1.566060 0.074378
c258 -0.009799 -0.020275 2.735011 1.372778 0.074620
c259 -0.009434 -0.020091 2.174121 -1.055053 0.074754
c260 -0.008863 -0.020368 2.294849 -2.215161 0.075016
c261 -0.008351 -0.020862 -3.019089 -1.408755 0.075239
c262 -0.009768 -0.021524 -0.835473 0.329025 0.075709
c263 -0.010179 -0.021362 -1.270632 -2.207181 0.076201
c264 -0.010570 -0.022042 -5.999572 -1.435931 0.076509
c265 -0.011615 -0.022292 -4.033852 -3.762974 0.076683
c266 -0.011628 -0.022304 -9.524031 -3.151793 0.076686
c267 -0.011904 -0.022395 -1.524944 -7.032566 0.076715
c268 -0.013540 -0.029938 -3.157572 -1.172984 0.077788
c269 -0.017612 -0.031451 -7.685379 0.831566 0.079078
c270 -0.017697 -0.031442 -2.566844 -2.444298 0.079089
c271 -0.019530 -0.033187 4.125756 -4.380275 0.079803
c272 -0.019116 -0.033627 2.604942 -4.798439 0.079903
c273 -0.016497 -0.038450 -5.907574 -6.528178 0.080908
c274 -0.017581 -0.039648 -2.633401 -5.722910 0.081092
c275 -0.018177 -0.040930 -0.002746 -2.205043 0.081385
c276 -0.018177 -0.041035 -0.969567 0.264030 0.081432
c277 -0.018273 -0.041009 -0.780166 -2.171156 0.081531
c278 -0.018289 -0.041054 -2.353492 2.402023 0.081552
c279 -0.018400 -0.040941 1.328764 0.867215 0.081598
c280 -0.018218 -0.040823 -2.363198 7.003742 0.081735
c281 -0.018434 -0.040184 -2.341930 4.908752 0.081826
c282 -0.019377 -0.038207 1.786866 7.058740 0.082229
c283 -0.017793 -0.031952 5.862978 5.380635 0.083115
c284 -0.016275 -0.030558 4.172325 8.325122 0.083374
c285 -0.015860 -0.029731 6.600265 5.761993 0.083473
c286 -0.015630 -0.029530 1.020992 -0.366412 0.083508
c287 -0.015510 -0.029572 -3.910232 1.340640 0.083625
c288 -0.016449 -0.029250 1.663349 -4.808725 0.083866
c289 -0.016313 -0.029644 1.146400 1.665065 0.083947
c290 -0.015946 -0.029110 1.499853 -1.888149 0.084268
c291 -0.015778 -0.029321 -1.998764 1.028245 0.084380
c292 -0.017537 -0.028417 2.081040 -1.354008 0.085259
c293 -0.017396 -0.028509 -2.608623 1.896747 0.085327
c294 -0.018257 -0.027883 -1.055814 -5.101589 0.085657
c295 -0.018342 -0.028296 -1.844454 -0.352793 0.085738
c296 -0.018725 -0.028369 1.340871 -1.331052 0.085946
c297 -0.018252 -0.028839 1.754532 -1.734685 0.086299
c298 -0.016117 -0.030950 3.675439 4.243594 0.087516
c299 -0.015891 -0.030689 -0.700285 -1.929347 0.087578
c300 -0.015951 -0.030855 2.255729 -2.235226 0.087663
c301 -0.015459 -0.031342 -1.676400 -4.094923 0.087882
c302 -0.015544 -0.031552 1.803429 -3.018262 0.087933
c303 -0.014350 -0.033552 1.368722 -11.644334 0.088595
c304 -0.013904 -0.037338 5.271771 -12.023246 0.088921
c305 -0.012996 -0.039411 8.809243 -2.681947 0.089093
c306 -0.012653 -0.039515 4.638792 5.914841 0.089132
c307 -0.012560 -0.039396 1.407376 5.276074 0.089152
c308 -0.012108 -0.037703 0.591732 9.494131 0.089473
c309 -0.012036 -0.036541 4.266754 9.539953 0.089595
c310 -0.011839 -0.036101 -0.246363 6.864005 0.089641
c311 -0.011881 -0.034934 -6.761869 6.489553 0.089811
c312 -0.013485 -0.033395 -5.117813 6.254620 0.090048
c313 -0.014916 -0.031646 3.511371 8.271899 0.090328
c314 -0.013383 -0.028036 -0.869756 3.206635 0.090765
c315 -0.013917 -0.026067 -0.266552 6.512553 0.091378
c316 -0.013962 -0.024982 -5.818398 5.351062 0.091545
c317 -0.016106 -0.023010 -0.824763 2.230865 0.091914
c318 -0.016162 -0.022857 -6.968487 1.354237 0.091982
c319 -0.016940 -0.022706 -5.237312 1.481155 0.092094
c320 -0.020224 -0.021778 -0.015722 4.535485 0.092721
c321 -0.020227 -0.021041 -0.844227 1.209691 0.092883
c322 -0.020778 -0.020250 0.630058 -0.117295 0.093536
c323 -0.020695 -0.020266 5.583460 -2.688732 0.093669
c324 -0.019466 -0.020858 6.846801 -1.532659 0.093889
c325 -0.017820 -0.021226 0.152539 -0.533019 0.094129
c326 -0.017758 -0.021443 4.761660 -2.684020 0.094537
c327 -0.016612 -0.022090 -5.505891 -5.240014 0.094777
c328 -0.019229 -0.024581 -4.998098 -1.278760 0.095253
c329 -0.020603 -0.024932 -5.570785 -0.070625 0.095528
c330 -0.021437 -0.024943 -3.100986 -0.613433 0.095677
c331 -0.023377 -0.025326 -6.125315 1.065959 0.096303
c332 -0.031241 -0.023958 -5.072529 -1.056631 0.097587
c333 -0.033893 -0.024511 -3.233264 -2.614573 0.098110
c334 -0.035327 -0.025670 -1.131413 -1.064070 0.098553
c335 -0.035412 -0.025750 2.711932 0.211483 0.098628
c336 -0.035381 -0.025747 4.365950 1.580238 0.098640
c337 -0.035318 -0.025725 4.251868 -4.279125 0.098654
c338 -0.034686 -0.026361 6.647832 -3.572055 0.098803
c339 -0.033631 -0.026927 -0.311884 0.717380 0.098961
c340 -0.033658 -0.026864 -4.129187 -0.993323 0.099049
c341 -0.034332 -0.027027 -1.930222 -0.327457 0.099212
c342 -0.034345 -0.027029 -1.612303 0.029566 0.099219
c343 -0.034584 -0.027024 2.143801 1.244594 0.099367
c344 -0.033136 -0.026184 7.032095 -3.413487 0.100042
c345 -0.031204 -0.027122 1.813851 -6.338281 0.100317
c346 -0.031176 -0.027221 4.283013 -4.924950 0.100332
c347 -0.029841 -0.028755 4.849223 -2.240357 0.100644
c348 -0.025067 -0.030961 2.421897 1.981418 0.101628
c349 -0.024927 -0.030846 -0.883081 3.379860 0.101686
c350 -0.024947 -0.030769 2.232311 3.912867 0.101709
c351 -0.024924 -0.030729 -1.418873 5.747378 0.101720
c352 -0.025068 -0.030148 -0.848722 1.157831 0.101820
c353 -0.025159 -0.030023 -0.847671 3.940940 0.101928
c354 -0.025337 -0.029196 4.904958 5.835399 0.102138
c355 -0.024366 -0.028041 1.600172 9.695549 0.102336
c356 -0.024209 -0.027089 0.537097 6.352303 0.102434
c357 -0.024138 -0.026254 1.283943 2.010169 0.102566
c358 -0.024059 -0.026130 -2.175656 2.295202 0.102628
c359 -0.024560 -0.025601 2.183092 -2.208373 0.102858
c360 -0.024449 -0.025713 5.201169 -2.656731 0.102909
c361 -0.019044 -0.028474 -1.456302 -7.514423 0.103948
c362 -0.019413 -0.030376 2.582133 -8.623553 0.104201
c363 -0.019153 -0.031245 -1.118442 -7.931070 0.104302
c364 -0.019459 -0.033419 2.984625 -0.197390 0.104576
c365 -0.018775 -0.033465 6.206816 -2.396582 0.104806
c366 -0.016222 -0.034450 4.259418 -1.669440 0.105217
c367 -0.010668 -0.036627 7.961100 0.961400 0.106521
c368 -0.006327 -0.036103 4.819809 0.952609 0.107066
c369 -0.004346 -0.035711 4.777052 0.661304 0.107477
c370 -0.003571 -0.035604 -0.214880 -0.764300 0.107639
c371 -0.003592 -0.035680 -2.844743 6.941091 0.107738
c372 -0.003759 -0.035273 -6.567375 5.815459 0.107797
c373 -0.003815 -0.035224 -7.775899 5.213361 0.107805
c374 -0.004543 -0.034736 -7.866020 8.051322 0.107899
c375 -0.005240 -0.034022 -7.068831 5.533118 0.107988
c376 -0.007912 -0.031931 0.339028 2.589260 0.108366
c377 -0.007823 -0.031257 -1.493296 1.938647 0.108626
c378 -0.008006 -0.031020 -3.985513 6.960808 0.108748
c379 -0.014564 -0.019566 3.287204 0.986495 0.110393
c380 -0.013435 -0.019227 -2.480517 -1.472462 0.110737
c381 -0.018168 -0.022037 4.264864 0.752373 0.112645
c382 -0.017397 -0.021901 1.859433 4.451493 0.112826
c383 -0.017340 -0.021764 -3.869239 2.411120 0.112856
c384 -0.018238 -0.021205 1.411786 -4.089091 0.113088
c385 -0.015989 -0.027717 -5.495705 -4.377456 0.114681
c386 -0.016626 -0.028223 -6.319408 -3.756561 0.114797
c387 -0.017650 -0.028832 1.369755 0.009388 0.114959
c388 -0.017327 -0.028830 0.525196 0.430305 0.115195
c389 -0.017305 -0.028812 -3.816157 2.660262 0.115237
c390 -0.018608 -0.027904 1.878681 4.148724 0.115578
c391 -0.018155 -0.026904 1.990301 1.799671 0.115819
c392 -0.016637 -0.025532 -0.912509 8.048077 0.116582
c393 -0.016675 -0.025202 7.459066 6.431387 0.116623
c394 -0.014061 -0.022948 4.396394 7.850688 0.116973
c395 -0.013810 -0.022499 8.315781 0.081304 0.117030
c396 -0.012194 -0.022483 4.616414 1.400251 0.117224
c397 -0.011113 -0.022155 7.796814 -1.681459 0.117459
c398 -0.009704 -0.022459 8.885419 -1.102103 0.117639
c399 -0.006012 -0.022917 7.920717 -4.034974 0.118055
c400 -0.005844 -0.023003 2.271329 -5.091341 0.118076
c401 -0.004103 -0.026905 -5.382121 -0.959068 0.118842
c402 -0.009708 -0.027903 -9.194096 -1.922875 0.119884
c403 -0.010867 -0.028146 2.906296 3.307008 0.120010
c404 -0.010626 -0.027871 -0.468501 5.286226 0.120093
c405 -0.010676 -0.027302 -6.072356 3.694084 0.120201
c406 -0.011541 -0.026776 -0.992717 1.075337 0.120343
c407 -0.011986 -0.026294 2.972758 -1.118165 0.120791
c408 -0.011687 -0.026406 1.926094 -0.705030 0.120892
c409 -0.011653 -0.026419 3.395496 -6.638153 0.120910
c410 -0.009189 -0.031237 3.532330 -4.365258 0.121635
c411 -0.004586 -0.036924 -0.139122 -3.535730 0.122938
c412 -0.004594 -0.037110 -3.672444 -4.413550 0.122991
c413 -0.007209 -0.040253 1.460815 -7.869602 0.123703
c414 -0.006723 -0.042873 1.448971 -3.563249 0.124036
c415 -0.006571 -0.043247 0.543727 2.168071 0.124141
c416 -0.006178 -0.041679 5.275016 -3.385354 0.124864
c417 -0.006140 -0.041703 0.973170 -2.327231 0.124871
c418 -0.006113 -0.041768 6.768652 -3.920797 0.124899
c419 -0.005628 -0.042049 1.364272 -4.115498 0.124970
c420 -0.005567 -0.042235 -3.264843 1.556805 0.125016
c421 -0.005659 -0.042191 -4.993819 -2.142065 0.125044
c422 -0.007114 -0.042815 -0.087368 -2.692521 0.125335
c423 -0.007132 -0.043370 -2.390209 -0.499633 0.125541
c424 -0.007308 -0.043407 -8.899872 3.362920 0.125615
c425 -0.007659 -0.043274 -0.790836 7.383665 0.125654
c426 -0.007770 -0.042234 5.290180 1.093393 0.125795
c427 -0.006256 -0.041921 3.383223 5.627139 0.126081
c428 -0.005974 -0.041452 -6.186643 -1.032103 0.126165
c429 -0.006371 -0.041518 3.730869 1.838659 0.126229
c430 -0.004402 -0.040548 4.407789 4.216950 0.126756
c431 -0.004253 -0.040406 7.337147 -1.231066 0.126790
c432 -0.003448 -0.040541 1.856411 2.656408 0.126900
c433 -0.003190 -0.040172 -2.548533 -2.158839 0.127039
c434 -0.003739 -0.040636 0.161478 -7.611945 0.127254
c435 -0.003181 -0.042328 7.519882 3.515865 0.128145
c436 -0.002994 -0.042241 9.662381 1.279964 0.128170
c437 0.003088 -0.041435 5.397292 0.610408 0.128799
c438 0.004250 -0.041304 3.282051 2.767145 0.129015
c439 0.004825 -0.040819 -4.806380 0.293770 0.129190
c440 0.002304 -0.040665 -0.279582 -4.766950 0.129714
c441 0.002139 -0.043476 -3.410464 2.830388 0.130304
c442 0.001635 -0.043057 -5.393536 7.197280 0.130452
c443 -0.005815 -0.033116 5.440663 -0.656393 0.131833
c444 -0.005151 -0.033196 0.532162 -6.181863 0.131955
c445 -0.004850 -0.036695 -1.855833 -4.340069 0.132521
c446 -0.005093 -0.037263 2.193321 -5.422805 0.132652
c447 -0.004651 -0.038356 3.596936 -4.325924 0.132854
c448 -0.002301 -0.041182 -1.567281 -4.495478 0.133507
c449 -0.003741 -0.043966 2.263506 2.024277 0.134515
c450 -0.002152 -0.042544 -4.790533 -0.494126 0.135217
c451 -0.005167 -0.042855 -6.076050 -2.829446 0.135847
c452 -0.007579 -0.043978 -6.910846 -10.790597 0.136243
c453 -0.008000 -0.043417 -3.577705 9.190216 0.136347
c454 -0.008002 -0.043412 -1.742858 2.596041 0.136348
c455 -0.009536 -0.041127 3.220683 -3.986562 0.137228
c456 -0.009462 -0.041219 4.281088 1.506396 0.137251
c457 -0.008570 -0.040906 3.377341 -0.369976 0.137459
c458 -0.007641 -0.041007 2.942188 3.104258 0.137734
c459 -0.007330 -0.040680 -0.172677 1.720655 0.137840
c460 -0.007445 -0.039542 -2.040276 -0.274899 0.138501
c461 -0.008403 -0.039671 -2.429198 -0.717823 0.138971
c462 -0.008708 -0.039761 -5.661998 0.690844 0.139096
c463 -0.008709 -0.039761 -3.044771 -0.351427 0.139096
c464 -0.010801 -0.040003 7.704869 -7.812068 0.139783
c465 -0.008335 -0.042503 3.445340 -7.420179 0.140104
c466 -0.007939 -0.043356 1.194964 -6.637980 0.140219
c467 -0.005937 -0.041170 0.395998 -1.113366 0.140905
c468 -0.005846 -0.041424 -7.813922 -3.591577 0.141134
c469 -0.006380 -0.041670 -3.722155 -5.855488 0.141202
c470 -0.007195 -0.042952 5.322455 -0.217723 0.141421
c471 -0.006135 -0.042995 4.425998 -0.537270 0.141620
c472 -0.005230 -0.043105 0.742413 9.318997 0.141825
c473 -0.005044 -0.040775 -1.218827 -1.257915 0.142075
c474 -0.005376 -0.041117 -2.407210 -0.372798 0.142347
c475 -0.006579 -0.041304 -5.415640 -1.870826 0.142847
c476 -0.008052 -0.041812 -9.711020 -4.453622 0.143119
c477 -0.010434 -0.042905 -10.023821 -4.365398 0.143364
c478 -0.013604 -0.040858 -9.529221 -1.767191 0.143785
c479 -0.018294 -0.040080 -6.985927 3.733134 0.144355
c480 -0.025439 -0.036262 -7.508840 -0.479486 0.145378
c481 -0.025899 -0.036291 -2.266835 -2.287027 0.145439
c482 -0.025991 -0.036181 -0.992577 5.664323 0.145711
c483 -0.026476 -0.033411 1.606493 4.725887 0.146200
c484 -0.026003 -0.032018 5.416209 -3.552233 0.146495
c485 -0.025280 -0.032492 12.097171 -3.104745 0.146629
c486 -0.023694 -0.032899 11.382035 3.665549 0.146760
c487 -0.019750 -0.031629 6.196804 -0.054279 0.147106
c488 -0.019540 -0.031631 -0.903170 3.588637 0.147140
c489 -0.019726 -0.030891 -1.383618 6.629825 0.147346
c490 -0.020687 -0.026284 -1.661796 7.314020 0.148041
c491 -0.021233 -0.023879 -1.914744 1.852051 0.148370
c492 -0.022151 -0.022992 1.828954 -3.483177 0.148849
c493 -0.021297 -0.024618 6.406940 1.367068 0.149316
c494 -0.020850 -0.024523 1.545084 -2.906581 0.149386
c495 -0.020518 -0.025147 5.383723 1.218152 0.149600
c496 -0.020484 -0.025139 10.853836 -4.217542 0.149607
c497 -0.019539 -0.025507 8.515361 5.281413 0.149694
c498 -0.017348 -0.024148 3.461334 -5.525983 0.149951
c499 -0.016068 -0.026191 -3.534667 -1.744531 0.150321
c500 -0.017581 -0.026937 -6.222888 0.298804 0.150749
c501 -0.025104 -0.026576 3.425315 -3.078616 0.151958
c502 -0.017693 -0.033237 3.506243 -3.399624 0.154121
c503 -0.013626 -0.037180 0.855403 -6.892462 0.155281
c504 -0.013487 -0.038295 -1.661274 -9.399220 0.155443
c505 -0.013667 -0.039310 4.617922 -5.348253 0.155551
c506 -0.013426 -0.039589 12.691594 -3.888115 0.155603
c507 -0.011798 -0.040088 11.311973 -6.064809 0.155731
c508 -0.008092 -0.042075 4.718218 -5.207648 0.156059
c509 -0.007767 -0.042433 2.830809 2.452564 0.156128
c510 -0.007516 -0.042216 -1.833284 2.311605 0.156217
c511 -0.007737 -0.041937 -3.266429 7.574852 0.156337
c512 -0.008402 -0.040395 -8.502852 5.303670 0.156541
c513 -0.008447 -0.040367 -2.733161 -0.125570 0.156546
c514 -0.008483 -0.040368 -3.246347 -2.572670 0.156559
c515 -0.008674 -0.040520 -6.150155 -2.999706 0.156618
c516 -0.012062 -0.042172 -0.292495 -3.659127 0.157169
c517 -0.011620 -0.042268 5.905929 1.384241 0.157808
c518 -0.011314 -0.042197 1.371172 0.761958 0.157859
c519 -0.011031 -0.042039 -7.209211 3.718376 0.158067
c520 -0.013571 -0.040728 -0.466419 2.919675 0.158419
c521 -0.013680 -0.040051 -0.970682 -0.051088 0.158651
c522 -0.014169 -0.040077 -1.561190 -2.895669 0.159156
c523 -0.014301 -0.040320 3.232328 1.874191 0.159240
c524 -0.013305 -0.039743 6.288490 6.136435 0.159548
c525 -0.011254 -0.037741 -8.359717 2.133842 0.159874
c526 -0.011332 -0.037721 -5.991041 -1.169707 0.159883
c527 -0.017144 -0.038856 -9.379892 2.443777 0.160854
c528 -0.018759 -0.038435 -7.957505 2.978703 0.161026
c529 -0.021669 -0.037345 -1.176412 -1.613195 0.161391
c530 -0.021773 -0.037487 1.993870 0.415106 0.161479
c531 -0.020425 -0.037206 0.751729 2.341776 0.162155
c532 -0.020411 -0.037164 0.489231 5.790763 0.162173
c533 -0.020212 -0.034802 -2.956780 -1.237369 0.162581
c534 -0.021410 -0.035304 -0.527863 0.661774 0.162986
c535 -0.021629 -0.035029 -4.638309 -1.062302 0.163401
c536 -0.022415 -0.035209 -3.184322 -0.560230 0.163571
c537 -0.024189 -0.035521 -7.332183 1.582933 0.164128
c538 -0.024229 -0.035513 -0.455280 1.980157 0.164133
c539 -0.024281 -0.035288 -3.340770 3.519968 0.164246
c540 -0.024465 -0.035094 -0.296316 5.297422 0.164302
c541 -0.024727 -0.030416 1.817835 6.933864 0.165185
c542 -0.023217 -0.024657 -0.390228 4.631111 0.166015
c543 -0.023483 -0.021505 -2.146118 0.730561 0.166696
c544 -0.024179 -0.021268 -2.406302 9.174657 0.167020
c545 -0.025583 -0.015913 -3.448950 8.625718 0.167604
c546 -0.026173 -0.014439 -0.982557 -0.025795 0.167775
c547 -0.026464 -0.014447 0.438145 2.888825 0.168072
c548 -0.026348 -0.013682 5.417684 7.448647 0.168336
c549 -0.024073 -0.010554 3.270282 6.216534 0.168756
c550 -0.023506 -0.009476 -0.525984 4.065957 0.168930
c551 -0.023662 -0.008273 3.913586 2.384808 0.169226
c552 -0.021287 -0.006826 0.093307 5.708915 0.169832
c553 -0.021286 -0.006708 2.536953 1.766770 0.169853
c554 -0.021121 -0.006593 6.612605 5.961605 0.169918
c555 -0.020762 -0.006270 8.697833 0.173582 0.169972
c556 -0.015672 -0.006168 9.372815 2.551523 0.170557
c557 -0.011918 -0.005146 8.182665 3.814818 0.170958
c558 -0.011691 -0.005040 3.111172 2.707930 0.170986
c559 -0.011172 -0.004589 -2.754108 -0.049217 0.171152
c560 -0.011646 -0.004597 2.724081 -5.843803 0.171324
c561 -0.010599 -0.006844 6.264152 -0.158070 0.171709
c562 -0.004494 -0.006998 -0.982199 3.006476 0.172683
c563 -0.004728 -0.006284 -2.885699 -1.261383 0.172921
c564 -0.004940 -0.006377 3.175590 -2.736830 0.172995
c565 -0.002387 -0.008577 4.376440 1.454863 0.173799
c566 -0.002067 -0.008471 6.484590 3.816946 0.173872
c567 0.001822 -0.006181 2.449694 3.225545 0.174472
c568 0.003353 -0.004166 -3.608284 -2.830730 0.175096
c569 0.003121 -0.004348 -5.607087 -2.508128 0.175161
c570 0.002375 -0.004682 -4.506896 -7.045162 0.175294
c571 0.001620 -0.005862 2.810057 -0.209821 0.175461
c572 0.003255 -0.005984 2.133192 -0.630537 0.176043
c573 0.003789 -0.006142 2.853037 -0.940460 0.176293
c574 0.004931 -0.006518 -7.682073 0.978719 0.176693
c575 0.003624 -0.006352 -4.959693 1.438543 0.176864
c576 0.002693 -0.006082 -1.583334 0.115738 0.177051
c577 0.001752 -0.006013 1.768851 8.592922 0.177645
c578 0.002137 -0.004143 8.763454 -0.194183 0.177863
c579 0.002870 -0.004159 1.126700 -2.743018 0.177947
c580 0.003555 -0.005828 -1.607442 -0.564670 0.178555
c581 0.003488 -0.005852 -2.802307 -1.126402 0.178597
c582 0.003258 -0.005944 2.063442 2.067503 0.178679
c583 0.003870 -0.005331 0.807601 -1.913478 0.178976
c584 0.003901 -0.005404 0.565337 1.756609 0.179014
c585 0.004305 -0.004146 -1.177917 2.561590 0.179730
c586 0.003992 -0.003463 3.382356 -3.490422 0.179996
c587 0.005152 -0.004661 -0.501881 -5.708915 0.180339
c588 0.004869 -0.007882 0.210547 -3.340654 0.180903
c589 0.004928 -0.008818 0.325092 -3.609537 0.181184
c590 0.005038 -0.010044 3.741175 -1.791274 0.181523
c591 0.005309 -0.010174 -7.178233 -0.114223 0.181596
c592 0.005217 -0.010175 -3.866190 -5.261524 0.181609
c593 0.001944 -0.014630 -3.021380 -2.656283 0.182455
c594 0.001884 -0.014683 -2.977925 -6.370345 0.182475
c595 0.001564 -0.015365 -2.933362 -3.662645 0.182582
c596 0.000002 -0.017316 -6.249376 -6.076322 0.183115
c597 -0.000336 -0.017645 4.929599 2.452783 0.183169
c598 0.000061 -0.017448 2.907358 0.643928 0.183250
c599 0.003600 -0.016664 2.323686 -0.448570 0.184467
c600 0.004491 -0.016836 3.190677 -2.730148 0.184851
c601 0.007089 -0.019059 -2.636340 0.396758 0.185665
c602 0.006381 -0.018952 -2.172596 1.731769 0.185934
c603 0.005491 -0.018243 0.284595 -3.020025 0.186343
c604 0.005515 -0.018494 -5.613904 -3.345454 0.186426
c605 0.005231 -0.018663 1.598507 -5.097052 0.186476
c606 0.005338 -0.019004 1.046900 -3.444693 0.186543
c607 0.005479 -0.019468 5.082416 0.234215 0.186678
c608 0.008542 -0.019327 1.969960 -4.724967 0.187281
c609 0.008572 -0.019399 -1.299831 -1.315755 0.187296
c610 0.008523 -0.019449 6.000501 0.551294 0.187334
c611 0.012853 -0.019051 1.843879 0.819340 0.188055
c612 0.013071 -0.018954 0.457291 -2.282108 0.188173
c613 0.013175 -0.019472 -6.062830 -0.112591 0.188401
c614 0.012699 -0.019481 -1.383371 -2.677140 0.188479
c615 0.012529 -0.019810 -3.117761 -3.649628 0.188602
c616 0.011205 -0.021360 4.306512 -1.482209 0.189026
c617 0.012204 -0.021704 -0.104775 5.809355 0.189258
c618 0.012204 -0.021656 6.474894 7.983083 0.189267
c619 0.012358 -0.021465 1.748717 2.986102 0.189291
c620 0.012483 -0.021253 5.564849 -7.245948 0.189362
c621 0.012511 -0.021290 -0.721699 -4.062240 0.189367
c622 0.012030 -0.023999 -1.263123 4.276315 0.190034
c623 0.011544 -0.022356 3.077489 -1.476201 0.190418
c624 0.012645 -0.022884 2.782939 2.905660 0.190775
c625 0.013081 -0.022428 4.810193 0.035234 0.190932
c626 0.013426 -0.022426 10.755169 -3.517089 0.191004
c627 0.013891 -0.022578 10.247042 -5.329709 0.191047
c628 0.017733 -0.024576 -0.591040 -3.685510 0.191422
c629 0.017226 -0.027736 2.486924 -3.456165 0.192280
c630 0.017507 -0.028126 1.381209 3.599860 0.192392
c631 0.019073 -0.024044 3.023901 -1.458121 0.193526
c632 0.019526 -0.024263 -3.427562 -4.037356 0.193676
c633 0.016931 -0.027320 1.071787 2.375556 0.194434
c634 0.018522 -0.023793 0.505376 0.269734 0.195918
c635 0.018570 -0.023768 2.425180 -0.252031 0.196013
c636 0.019919 -0.023908 6.759172 -5.815829 0.196569
c637 0.022794 -0.026382 -1.786423 3.714430 0.196995
c638 0.021812 -0.024340 -3.457870 2.163665 0.197544
c639 0.021268 -0.024000 -0.198299 -2.258947 0.197701
c640 0.021263 -0.024067 -1.056306 2.319950 0.197731
c641 0.021026 -0.023548 -8.106798 9.606773 0.197955
c642 0.019144 -0.021318 2.617795 9.079988 0.198187
c643 0.020201 -0.017654 -1.937326 9.928157 0.198591
c644 0.019547 -0.014304 0.311491 2.354277 0.198928
c645 0.019805 -0.012353 -2.406509 3.534375 0.199757
c646 0.019683 -0.012174 -0.591047 2.996950 0.199807
c647 0.019181 -0.009631 -1.196583 -0.832636 0.200656
c648 0.018589 -0.010043 -1.287237 1.540405 0.201150
c649 0.018323 -0.009724 -4.175302 5.707320 0.201357
c650 0.017263 -0.008275 -0.704853 5.745055 0.201611
c651 0.017170 -0.007517 0.104089 -5.058856 0.201743
c652 0.017192 -0.008569 -1.513033 -12.891056 0.201951
c653 0.017103 -0.009322 -2.328433 -11.976734 0.202009
c654 0.016125 -0.014354 -1.454310 -7.884359 0.202430
c655 0.015668 -0.016831 -0.331499 -3.874206 0.202744
c656 0.015607 -0.017549 -0.200440 -3.547658 0.202929
c657 0.015519 -0.019091 -4.908214 -0.893132 0.203364
c658 0.015120 -0.019163 -0.481945 -3.377319 0.203445
c659 0.015063 -0.019566 -6.334399 2.008258 0.203564
c660 0.014405 -0.019358 -3.039466 5.350223 0.203668
c661 0.012500 -0.016004 -0.486569 6.966747 0.204295
c662 0.012297 -0.013100 -4.340925 5.920348 0.204712
c663 0.012058 -0.012773 -9.332923 4.746243 0.204767
c664 0.011954 -0.012720 0.219591 9.874872 0.204778
c665 0.012116 -0.005439 2.971954 9.447951 0.205515
c666 0.013285 -0.001724 -2.751352 4.368436 0.205909
c667 0.013196 -0.001583 0.909192 10.982440 0.205941
c668 0.013468 0.001708 -2.926706 9.463247 0.206241
c669 0.012218 0.005749 0.519405 5.854393 0.206668
c670 0.012360 0.007347 3.489467 2.786671 0.206941
c671 0.015773 0.010073 3.180558 9.410389 0.207919
c672 0.016021 0.010805 -1.527362 0.774366 0.207997
c673 0.015722 0.010956 0.043703 -0.366618 0.208192
c674 0.015749 0.010730 3.353900 2.739381 0.208809
c675 0.017300 0.011998 3.790038 7.117502 0.209271
c676 0.017893 0.013111 0.538290 3.088559 0.209428
c677 0.018022 0.013850 4.824956 6.830421 0.209667
c678 0.018965 0.015184 -3.516589 7.632324 0.209862
c679 0.018574 0.016032 -2.000880 11.312318 0.209974
c680 0.017961 0.019500 -3.085195 13.207112 0.210280
c681 0.016928 0.023920 -9.831573 5.064079 0.210615
c682 0.013750 0.025557 -4.466128 4.789825 0.210938
c683 0.012130 0.027294 -5.304957 0.538552 0.211301
c684 0.012053 0.027302 -8.027848 4.652559 0.211315
c685 0.011787 0.027456 -5.148693 5.844129 0.211348
c686 0.007671 0.032129 -4.070619 6.668606 0.212148
c687 0.007135 0.033007 -0.163941 6.306649 0.212280
c688 0.007101 0.034298 1.855836 4.280071 0.212484
c689 0.007859 0.036045 -2.698309 9.792835 0.212892
c690 0.007160 0.038581 -3.941895 10.268688 0.213151
c691 0.006642 0.039930 -7.293414 12.136031 0.213283
c692 0.006541 0.040099 -10.164948 -1.646991 0.213297
c693 0.004359 0.039746 -9.892927 4.335862 0.213511
c694 0.002136 0.040720 -14.324825 -0.565603 0.213736
c695 0.000968 0.040674 -13.395647 2.895814 0.213818
