c1 0.000000 0.000000 -4.275435 -1.471887 0.000012
c2 -0.000389 -0.000134 0.039313 -0.659571 0.000103
c3 -0.000385 -0.000197 -4.694492 -0.512315 0.000199
c4 -0.000581 -0.000218 -3.959005 -4.677746 0.000241
c5 -0.002007 -0.001903 -7.180036 -1.696223 0.000601
c6 -0.002350 -0.001984 -8.008546 3.485793 0.000649
c7 -0.003867 -0.001323 -3.727649 8.758552 0.000838
c8 -0.004601 0.000401 -1.294335 1.035079 0.001035
c9 -0.004775 0.000541 -1.751051 3.726329 0.001170
c10 -0.004892 0.000790 -2.583017 1.856160 0.001237
c11 -0.004990 0.000860 -2.245711 0.168158 0.001275
c12 -0.006108 0.000944 1.195171 -4.295877 0.001772
c13 -0.005487 -0.001289 1.738488 -6.473700 0.002292
c14 -0.004987 -0.003149 -2.699025 -7.609136 0.002579
c15 -0.005977 -0.005938 -0.997152 -9.521416 0.002946
c16 -0.006122 -0.007330 0.225669 -3.754829 0.003092
c17 -0.005968 -0.009894 4.694914 -0.218128 0.003775
c18 -0.005541 -0.009914 5.721216 1.374323 0.003866
c19 -0.004805 -0.009737 4.794598 0.931047 0.003995
c20 -0.004743 -0.009725 3.552122 0.345586 0.004007
c21 -0.003634 -0.009617 7.781020 -2.656726 0.004320
c22 -0.003082 -0.009806 4.822604 0.247721 0.004391
c23 -0.001521 -0.009725 2.683666 -0.791352 0.004714
c24 -0.001319 -0.009785 -5.110114 0.307757 0.004790
c25 -0.003943 -0.009627 -4.706769 0.663051 0.005303
c26 -0.004001 -0.009619 2.486456 -0.433798 0.005316
c27 -0.003621 -0.009685 2.124393 -4.911135 0.005469
c28 -0.003165 -0.010739 0.228050 0.334440 0.005683
c29 -0.003112 -0.010661 3.882295 0.522052 0.005916
c30 -0.002570 -0.010588 3.378012 -6.743005 0.006056
c31 -0.002513 -0.010703 6.487837 -11.963762 0.006073
c32 0.004347 -0.023352 6.190105 -7.977900 0.007130
c33 0.009586 -0.030104 4.148254 -4.132799 0.007976
c34 0.009691 -0.030209 3.986652 -1.118425 0.008002
c35 0.010002 -0.030297 0.329532 -3.786214 0.008080
c36 0.010116 -0.031604 -9.801769 -3.419304 0.008425
c37 0.005988 -0.033044 -9.897035 -2.990829 0.008846
c38 0.005158 -0.033295 -10.739584 -0.380541 0.008930
c39 0.001317 -0.033431 -1.089557 4.217876 0.009288
c40 0.000288 -0.029447 2.002638 -1.771892 0.010232
c41 0.001021 -0.030095 2.391224 5.949861 0.010598
c42 0.001969 -0.027736 1.120646 7.033479 0.010995
c43 0.002056 -0.027184 -3.331236 8.667846 0.011073
c44 -0.000410 -0.020766 -4.490238 1.955658 0.011814
c45 -0.005717 -0.018454 -5.778886 3.876407 0.012996
c46 -0.005913 -0.018323 -8.341685 0.393970 0.013029
c47 -0.006365 -0.018302 -5.346223 -2.235985 0.013084
c48 -0.008674 -0.019268 -5.124338 4.129009 0.013516
c49 -0.009768 -0.018387 -2.711752 7.695799 0.013729
c50 -0.010241 -0.017045 -4.306611 1.533192 0.013903
c51 -0.010498 -0.016953 1.975931 -4.810470 0.013963
c52 -0.009631 -0.019063 5.404537 -1.674320 0.014402
c53 -0.008196 -0.019508 0.840866 -1.061061 0.014667
c54 -0.008156 -0.019557 1.922469 -0.479529 0.014714
c55 -0.007720 -0.019666 -2.019765 2.511174 0.014941
c56 -0.008236 -0.019025 -4.838485 0.236432 0.015196
c57 -0.009012 -0.018987 -4.666961 -0.310289 0.015356
c58 -0.009444 -0.019016 -2.029425 0.981042 0.015449
c59 -0.009878 -0.018806 -4.314615 0.662038 0.015663
c60 -0.011138 -0.018613 -0.615762 7.579470 0.015955
c61 -0.011183 -0.018061 0.290176 5.436593 0.016028
c62 -0.011173 -0.017872 -0.410943 0.473390 0.016063
c63 -0.011218 -0.017820 4.068488 -2.250180 0.016172
c64 -0.008996 -0.019049 4.322747 -5.259067 0.016718
c65 -0.008839 -0.019240 1.619033 -5.448839 0.016754
c66 -0.007280 -0.024489 4.860708 -1.512249 0.017717
c67 -0.007223 -0.024506 6.501427 0.429514 0.017729
c68 -0.006494 -0.024458 6.165450 4.960021 0.017841
c69 -0.005815 -0.023913 -0.459464 7.015874 0.017951
c70 -0.006301 -0.016497 2.258816 5.068287 0.019008
c71 -0.005791 -0.015352 -1.248382 0.358907 0.019234
c72 -0.007229 -0.014938 1.748337 0.843093 0.020386
c73 -0.007195 -0.014922 2.132835 -3.308110 0.020406
c74 -0.005660 -0.017302 4.074772 2.165689 0.021125
c75 -0.003933 -0.016384 1.158711 -0.671705 0.021549
c76 -0.003587 -0.016585 -6.302998 3.582164 0.021848
c77 -0.004813 -0.015888 2.699247 2.479704 0.022042
c78 -0.004493 -0.015594 1.432748 2.209780 0.022161
c79 -0.004373 -0.015408 4.012767 0.656247 0.022245
c80 -0.003986 -0.015345 3.721193 -5.355310 0.022341
c81 -0.002267 -0.017817 5.014171 -4.092924 0.022803
c82 -0.001364 -0.018555 -4.942788 -2.860217 0.022983
c83 -0.003084 -0.019551 -7.934940 -5.167138 0.023331
c84 -0.007748 -0.022588 2.307951 -4.717990 0.023919
c85 -0.006250 -0.025650 3.734078 -9.416988 0.024568
c86 -0.005514 -0.027504 6.726230 -3.474041 0.024765
c87 -0.005226 -0.027653 3.093614 -5.093921 0.024808
c88 -0.003182 -0.031019 -6.993886 -3.024244 0.025469
c89 -0.003816 -0.031293 -4.475548 -5.671112 0.025559
c90 -0.006290 -0.034427 -5.473025 -1.220678 0.026112
c91 -0.014548 -0.036269 -4.492949 1.299774 0.027621
c92 -0.015315 -0.036047 -4.552443 0.417681 0.027792
c93 -0.018764 -0.035730 0.284178 -2.596486 0.028549
c94 -0.018746 -0.035894 -1.515764 -3.003372 0.028612
c95 -0.018898 -0.036195 4.971224 3.231629 0.028713
c96 -0.018431 -0.035891 2.430724 5.686814 0.028806
c97 -0.016397 -0.031131 -4.325138 1.851945 0.029644
c98 -0.016397 -0.031131 -1.054830 7.813980 0.029644
c99 -0.016436 -0.030838 -3.154422 0.012232 0.029681
c100 -0.016514 -0.030837 -4.545367 1.431936 0.029706
c101 -0.016848 -0.030732 -0.958176 1.757543 0.029779
c102 -0.017080 -0.030307 -6.668830 -2.984873 0.030021
c103 -0.017608 -0.030543 -7.833509 -6.947425 0.030100
c104 -0.018336 -0.031188 -6.771703 0.339001 0.030193
c105 -0.021857 -0.031012 -6.110937 4.334700 0.030713
c106 -0.025706 -0.028281 -7.096465 -1.833943 0.031343
c107 -0.025816 -0.028310 -3.549020 -1.278354 0.031359
c108 -0.028260 -0.029190 -7.555324 5.156853 0.032047
c109 -0.029355 -0.028443 -0.200688 8.388786 0.032192
c110 -0.029565 -0.019693 8.442873 5.958627 0.033235
c111 -0.019344 -0.012480 6.667212 -4.183917 0.034446
c112 -0.018919 -0.012747 2.918723 0.432502 0.034510
c113 -0.016277 -0.012356 -5.451071 0.950375 0.035415
c114 -0.017249 -0.012186 1.280463 -1.851984 0.035593
c115 -0.016931 -0.012645 -7.299036 -3.339260 0.035841
c116 -0.017702 -0.012998 -11.219803 -2.815158 0.035947
c117 -0.018952 -0.013312 -11.674683 -1.995738 0.036058
c118 -0.020046 -0.013498 -15.317441 -3.086126 0.036152
c119 -0.022510 -0.013995 -8.057280 -2.147672 0.036313
c120 -0.028126 -0.015492 -6.172446 0.350736 0.037010
c121 -0.028144 -0.015491 -2.029827 -1.899560 0.037013
c122 -0.028318 -0.015655 -4.669429 9.692525 0.037099
c123 -0.029008 -0.014222 -0.531070 6.651583 0.037246
c124 -0.029258 -0.011101 7.999848 -1.453030 0.037716
c125 -0.027059 -0.011500 3.215228 -2.535894 0.037991
c126 -0.026654 -0.011820 5.882311 0.941444 0.038117
c127 -0.021861 -0.011053 6.672769 -6.582383 0.038931
c128 -0.015239 -0.017585 0.606947 -5.796019 0.039924
c129 -0.014576 -0.023918 3.857973 -1.278900 0.041016
c130 -0.014465 -0.023955 6.129528 -2.482376 0.041045
c131 -0.013764 -0.024239 1.480571 -4.171613 0.041160
c132 -0.013524 -0.024916 3.179900 -2.811177 0.041322
c133 -0.012122 -0.026155 5.546347 -0.707960 0.041763
c134 -0.011640 -0.026217 6.705887 -3.720915 0.041850
c135 -0.011271 -0.026421 6.907385 -7.001789 0.041905
c136 -0.007219 -0.030529 8.381100 -2.423619 0.042491
c137 -0.006376 -0.030773 4.202126 -6.412237 0.042592
c138 -0.005877 -0.031534 1.518286 -5.151042 0.042711
c139 -0.005408 -0.033125 5.034680 -5.105395 0.043019
c140 0.000114 -0.038724 -1.293599 0.186380 0.044116
c141 -0.000268 -0.038669 2.174465 4.387647 0.044412
c142 0.000323 -0.037477 5.020956 -5.559425 0.044683
c143 0.000797 -0.038002 2.227169 -3.459750 0.044778
c144 0.001557 -0.039182 -0.787734 -4.727346 0.045119
c145 0.001503 -0.039506 3.751876 0.250746 0.045187
c146 0.001772 -0.039488 1.755287 -0.695364 0.045259
c147 0.002044 -0.039595 -0.525578 -0.394741 0.045414
c148 0.001952 -0.039664 1.530635 0.013133 0.045589
c149 0.003686 -0.039649 5.381122 1.758376 0.046721
c150 0.004359 -0.039429 -1.703271 -0.494116 0.046846
c151 0.003149 -0.039780 -2.293900 -4.703872 0.047557
c152 0.001917 -0.042306 -1.693618 -2.469462 0.048094
c153 0.000920 -0.043761 -1.179258 -1.095491 0.048683
c154 0.000705 -0.043961 -0.266455 1.783075 0.048865
c155 0.000679 -0.043790 -4.361730 1.283765 0.048961
c156 0.000136 -0.043630 -3.896649 2.833296 0.049085
c157 -0.001198 -0.042660 -6.007650 0.796986 0.049428
c158 -0.002501 -0.042487 1.246498 3.841394 0.049645
c159 -0.002315 -0.041915 3.936877 5.387780 0.049794
c160 -0.002092 -0.041610 1.524044 0.770468 0.049850
c161 -0.001804 -0.041464 -1.768181 1.232105 0.050040
c162 -0.001821 -0.041452 -8.240121 2.267995 0.050049
c163 -0.004270 -0.040778 -6.866017 2.113051 0.050347
c164 -0.006508 -0.040089 -6.391620 -8.906306 0.050672
c165 -0.008212 -0.042464 -6.712218 -3.971941 0.050939
c166 -0.008924 -0.042885 -8.132091 3.790221 0.051045
c167 -0.012546 -0.041197 0.706476 -3.754347 0.051490
c168 -0.012381 -0.042072 5.110178 -3.598963 0.051723
c169 -0.010748 -0.043222 3.658060 0.238155 0.052043
c170 -0.010491 -0.043205 2.266618 4.191498 0.052113
c171 -0.009843 -0.042008 3.338130 3.766638 0.052399
c172 -0.008234 -0.040191 -1.790741 1.051826 0.052881
c173 -0.010216 -0.039027 -3.759309 -4.152776 0.053988
c174 -0.013064 -0.042173 -1.713381 -4.644319 0.054746
c175 -0.013156 -0.042176 -6.792623 0.109368 0.055084
c176 -0.015171 -0.042143 -5.212796 -0.911290 0.055380
c177 -0.016585 -0.041004 -2.799236 -0.780190 0.055756
c178 -0.017361 -0.041220 -0.180129 0.775133 0.056034
c179 -0.017595 -0.040215 5.063458 0.940631 0.057330
c180 -0.016974 -0.040100 2.171813 2.856294 0.057453
c181 -0.016776 -0.039840 -2.290677 3.562004 0.057544
c182 -0.017328 -0.038982 2.133431 -1.578001 0.057785
c183 -0.017020 -0.039210 1.544054 -6.894748 0.057929
c184 -0.016375 -0.041868 2.269297 2.502204 0.058326
c185 -0.015966 -0.041418 -1.311988 -4.610869 0.058506
c186 -0.015452 -0.040618 -4.132737 0.340038 0.058957
c187 -0.016222 -0.040555 -5.959448 -1.664964 0.059144
c188 -0.018360 -0.040937 0.629505 2.604234 0.059521
c189 -0.018332 -0.040818 0.653198 -4.797126 0.059567
c190 -0.018313 -0.040952 8.434489 -5.946011 0.059595
c191 -0.016238 -0.041654 2.033763 2.755383 0.059811
c192 -0.013800 -0.038350 -3.221272 7.875070 0.061010
c193 -0.015141 -0.035072 2.997471 -2.188178 0.061426
c194 -0.014930 -0.035226 4.188975 -6.301798 0.061497
c195 -0.013250 -0.037753 -0.699185 1.211405 0.061898
c196 -0.013462 -0.037386 0.035250 -3.350884 0.062201
c197 -0.013439 -0.039576 3.800467 -5.023799 0.062854
c198 -0.012570 -0.040725 4.318328 4.181423 0.063083
c199 -0.011267 -0.039464 6.118551 6.291403 0.063385
c200 -0.010918 -0.039105 1.108658 7.425685 0.063442
c201 -0.010885 -0.038880 4.656132 1.298193 0.063472
c202 -0.010800 -0.038857 7.539982 -1.739431 0.063490
c203 -0.010217 -0.038991 -1.116833 -4.378169 0.063568
c204 -0.010721 -0.040969 -4.190258 2.137062 0.064020
c205 -0.012037 -0.040298 -0.525847 -2.829530 0.064334
c206 -0.012432 -0.042424 0.214410 -3.439062 0.065085
c207 -0.011244 -0.041672 1.447754 3.958686 0.065897
c208 -0.010568 -0.039823 -1.520497 -1.764815 0.066363
c209 -0.011374 -0.040759 0.018023 -2.229549 0.066894
c210 -0.011368 -0.041475 0.796607 -0.455450 0.067214
c211 -0.011282 -0.041524 -8.972183 1.438810 0.067322
c212 -0.012539 -0.041322 -8.480368 -6.534511 0.067463
c213 -0.013005 -0.041681 -4.586384 -7.022369 0.067518
c214 -0.013139 -0.041886 -2.436064 -1.710565 0.067547
c215 -0.013176 -0.041912 0.570582 5.509137 0.067562
c216 -0.013149 -0.041658 1.334546 7.105480 0.067608
c217 -0.012408 -0.037711 0.532480 4.858829 0.068163
c218 -0.012395 -0.037598 -5.619165 3.618892 0.068186
c219 -0.012464 -0.037554 -3.071696 2.373560 0.068199
c220 -0.013134 -0.037036 0.314043 3.152247 0.068417
c221 -0.012922 -0.034909 2.119809 -0.413292 0.069092
c222 -0.011576 -0.035172 -3.455795 -0.963378 0.069727
c223 -0.013117 -0.035601 -3.474132 -7.551700 0.070172
c224 -0.013364 -0.036140 -0.100987 -9.955904 0.070244
c225 -0.012384 -0.041401 0.162538 5.675889 0.071115
c226 -0.012362 -0.040643 -3.697082 -1.061817 0.071249
c227 -0.012924 -0.040804 -0.879019 -1.320992 0.071401
c228 -0.013542 -0.041733 1.185985 0.379686 0.072105
c229 -0.013179 -0.041617 3.088157 2.202020 0.072411
c230 -0.012035 -0.040802 4.567295 2.546679 0.072781
c231 -0.010817 -0.040123 -4.034932 0.658184 0.073048
c232 -0.011389 -0.040029 -1.288461 1.453961 0.073189
c233 -0.012846 -0.038386 5.467514 1.902540 0.074320
c234 -0.012045 -0.038107 -7.609866 1.063087 0.074466
c235 -0.013523 -0.037901 -2.991291 2.701338 0.074660
c236 -0.015676 -0.035956 -2.100549 -4.373081 0.075380
c237 -0.015857 -0.036333 -0.580095 -0.097841 0.075467
c238 -0.015967 -0.036351 -0.190204 0.833790 0.075655
c239 -0.015984 -0.036277 4.995918 2.051612 0.075744
c240 -0.015019 -0.035881 2.009537 0.528301 0.075937
c241 -0.014698 -0.035796 3.665941 -2.621976 0.076097
c242 -0.014157 -0.036183 -2.413406 -3.158227 0.076245
c243 -0.014412 -0.036517 0.221060 -0.970300 0.076351
c244 -0.014342 -0.036826 3.398642 -0.957817 0.076669
c245 -0.013408 -0.037089 3.820398 2.082051 0.076944
c246 -0.012671 -0.036687 2.928946 -1.126875 0.077137
c247 -0.009248 -0.038004 -4.504193 0.687359 0.078305
c248 -0.011160 -0.037713 -0.197777 -0.298533 0.078730
c249 -0.011201 -0.037774 0.817756 3.684390 0.078936
c250 -0.011050 -0.037093 -2.050749 -5.648726 0.079121
c251 -0.011174 -0.037436 -1.902410 -8.875737 0.079182
c252 -0.011762 -0.040178 -1.358165 -6.628990 0.079491
c253 -0.012083 -0.041745 0.735425 2.174187 0.079727
c254 -0.012058 -0.041670 -2.919106 5.528348 0.079762
c255 -0.012230 -0.041344 -2.098034 10.683197 0.079821
c256 -0.012577 -0.039578 -5.623333 7.842115 0.079986
c257 -0.013501 -0.038288 -2.745644 8.120315 0.080151
c258 -0.013798 -0.037411 -4.772166 -1.050052 0.080259
c259 -0.014065 -0.037470 -8.548393 3.868708 0.080315
c260 -0.014332 -0.037349 -2.877847 5.049213 0.080346
c261 -0.014413 -0.037206 -3.909093 0.404235 0.080374
c262 -0.017397 -0.036898 1.356827 5.594354 0.081137
c263 -0.016804 -0.034455 1.187758 6.037845 0.081574
c264 -0.015762 -0.029157 -10.155105 4.860892 0.082451
c265 -0.018590 -0.027804 -1.676793 6.035735 0.082730
c266 -0.019483 -0.024591 -2.648523 9.926269 0.083262
c267 -0.019556 -0.024318 2.403020 9.989968 0.083290
c268 -0.019437 -0.023823 4.589848 9.338583 0.083339
c269 -0.018800 -0.022527 5.986727 4.214913 0.083478
c270 -0.016737 -0.021074 7.857928 -2.624210 0.083823
c271 -0.014397 -0.021856 4.594056 0.843909 0.084120
c272 -0.012579 -0.021522 5.251637 1.423386 0.084516
c273 -0.011402 -0.021203 2.419236 -0.064442 0.084740
c274 -0.011170 -0.021209 7.599474 1.363534 0.084836
c275 -0.010818 -0.021146 5.998025 6.002043 0.084883
c276 -0.008734 -0.019061 3.580600 6.740751 0.085230
c277 -0.008530 -0.018676 4.210277 4.634083 0.085287
c278 -0.008112 -0.018216 -1.703623 2.103005 0.085386
c279 -0.008456 -0.017791 -3.030406 0.012977 0.085588
c280 -0.009391 -0.017787 -1.375723 0.736772 0.085897
c281 -0.010073 -0.017422 6.915095 -0.487169 0.086393
c282 -0.008883 -0.017506 5.280192 1.283689 0.086565
c283 -0.008581 -0.017432 2.392411 0.120711 0.086622
c284 -0.008172 -0.017412 3.449356 4.442077 0.086793
c285 -0.007583 -0.016654 1.896316 7.791669 0.086964
c286 -0.007572 -0.016608 6.336155 0.059921 0.086970
c287 -0.007352 -0.016606 6.146363 0.540420 0.087005
c288 -0.001710 -0.016110 3.462050 -1.682955 0.087922
c289 -0.001208 -0.016355 1.301776 -2.290262 0.088068
c290 -0.001017 -0.016690 -1.796418 -2.502028 0.088214
c291 -0.001108 -0.016818 -5.625616 -2.930237 0.088265
c292 -0.004062 -0.018357 8.014747 2.246059 0.088790
c293 -0.000517 -0.017364 9.486279 3.814656 0.089233
c294 0.001853 -0.016410 10.743417 7.921575 0.089483
c295 0.008622 -0.011420 3.253821 6.677783 0.090113
c296 0.009911 -0.008773 -1.614996 4.896631 0.090509
c297 0.008889 -0.005672 -2.170041 -1.205594 0.091142
c298 0.008105 -0.006107 -1.761344 -0.434596 0.091504
c299 0.007042 -0.006370 1.721754 5.402482 0.092107
c300 0.007524 -0.004857 0.836900 -0.345841 0.092387
c301 0.008617 -0.005308 -0.517757 4.112270 0.093693
c302 0.008606 -0.005218 6.678047 2.510030 0.093715
c303 0.009158 -0.005010 2.875948 4.127322 0.093798
c304 0.011689 -0.001379 3.582268 2.909057 0.094677
c305 0.012602 -0.000637 3.509301 -2.358041 0.094932
c306 0.013386 -0.001164 4.045650 -3.705240 0.095156
c307 0.014248 -0.001954 -0.959449 2.556524 0.095369
c308 0.014216 -0.001866 -1.479591 8.263015 0.095403
c309 0.014203 -0.001794 2.956115 4.574289 0.095412
c310 0.014518 -0.001306 2.710871 8.234285 0.095518
c311 0.014822 -0.000382 6.985609 6.523836 0.095631
c312 0.018352 0.002914 -1.445363 5.071590 0.096136
c313 0.017257 0.006756 -1.349008 1.421037 0.096893
c314 0.016316 0.007747 -1.919898 2.977232 0.097591
c315 0.015880 0.008424 -0.954706 0.675748 0.097818
c316 0.015761 0.008508 1.966087 -3.162130 0.097943
c317 0.016053 0.008038 2.233657 4.928720 0.098092
c318 0.016238 0.008445 8.965495 -0.116103 0.098174
c319 0.022527 0.008363 3.998691 -2.979968 0.098876
c320 0.024106 0.007187 0.594848 -2.020243 0.099271
c321 0.024182 0.006928 3.724671 -0.065030 0.099399
c322 0.027410 0.006871 6.686924 9.717247 0.100265
c323 0.030266 0.011022 6.594342 5.870712 0.100693
c324 0.033653 0.014037 5.165143 6.643987 0.101206
c325 0.036248 0.017375 5.444758 1.604180 0.101708
c326 0.037672 0.017794 1.470280 0.987409 0.101970
c327 0.037847 0.017912 9.441262 -2.906628 0.102089
c328 0.038376 0.017749 0.862389 0.228963 0.102145
c329 0.038571 0.017801 1.712249 2.813290 0.102372
c330 0.038667 0.017959 -3.187403 2.712505 0.102428
c331 0.038236 0.018326 1.688450 2.463123 0.102563
c332 0.039239 0.019789 1.022933 7.641639 0.103157
c333 0.035856 0.023286 -2.236503 -1.628618 0.103912
c334 0.035663 0.023145 8.607860 -1.458300 0.103998
c335 0.037353 0.022859 12.959144 2.561830 0.104194
c336 0.037962 0.022314 -8.156555 -14.182937 0.104369
c337 0.037823 0.022074 -2.298855 -10.332760 0.104386
c338 0.036785 0.017407 -6.924509 -3.885946 0.104838
c339 0.035666 0.016779 -6.818423 -1.604367 0.105000
c340 0.034468 0.016497 -4.646488 -1.538510 0.105175
c341 0.030019 0.015024 1.429653 -4.309937 0.106133
c342 0.030315 0.014132 -3.240241 4.686735 0.106340
c343 0.030296 0.014160 -6.077246 6.818114 0.106346
c344 0.027880 0.016870 1.690971 4.159696 0.106743
c345 0.028770 0.019059 2.688371 3.089406 0.107270
c346 0.029676 0.020101 -3.876458 -2.870221 0.107607
c347 0.026922 0.018062 -5.847612 0.714084 0.108317
c348 0.025675 0.018214 4.602348 -1.354115 0.108530
c349 0.026826 0.017876 1.349333 -2.688410 0.108780
c350 0.027416 0.016700 -1.254054 -3.629962 0.109218
c351 0.027152 0.015937 0.485435 1.766639 0.109428
c352 0.027833 0.018416 1.303385 -2.611823 0.110831
c353 0.028188 0.017705 0.829765 1.476157 0.111103
c354 0.029003 0.019156 -0.320923 5.448506 0.112086
c355 0.028979 0.019571 -0.902078 6.824681 0.112162
c356 0.028240 0.025166 3.030323 2.528731 0.112982
c357 0.029507 0.026223 1.020640 -0.443411 0.113400
c358 0.029851 0.026074 -0.493604 -0.634515 0.113737
c359 0.029669 0.025840 0.439353 3.456784 0.114105
c360 0.029710 0.026161 -4.913301 6.063446 0.114198
c361 0.028999 0.027037 -6.141853 8.344893 0.114343
c362 0.027853 0.028595 -2.716723 5.275213 0.114529
c363 0.027575 0.029134 2.373921 4.871682 0.114632
c364 0.027819 0.029636 1.747079 0.736991 0.114735
c365 0.028103 0.029756 -1.873981 -1.935052 0.114897
c366 0.026574 0.028176 -4.287819 0.657417 0.115714
c367 0.026555 0.028179 -1.642601 -0.556101 0.115718
c368 0.023491 0.027142 1.460202 0.211713 0.117583
c369 0.023799 0.027187 -5.261566 -3.931285 0.117794
c370 0.022874 0.026496 -4.288399 -5.179639 0.117970
c371 0.021525 0.024866 -3.599298 -3.494887 0.118285
c372 0.020472 0.023843 -8.646365 5.159801 0.118577
c373 0.020299 0.023947 -5.526734 3.654131 0.118597
c374 0.018147 0.025369 1.636583 2.860635 0.118987
c375 0.018380 0.025776 2.295933 -3.361439 0.119129
c376 0.020308 0.022954 -1.015520 -2.211161 0.119969
c377 0.019228 0.020603 -4.463493 -8.024581 0.121032
c378 0.018660 0.019582 -1.680768 -8.884304 0.121159
c379 0.018582 0.019169 -3.382770 -4.728864 0.121205
c380 0.018343 0.018835 -2.374526 -7.191114 0.121276
c381 0.018017 0.017845 -6.726311 -4.970599 0.121414
c382 0.015491 0.015979 -0.503613 -9.952202 0.121789
c383 0.015447 0.015117 -0.301865 -5.738000 0.121876
c384 0.015414 0.014483 5.901257 -2.259135 0.121986
c385 0.017312 0.013757 -5.939720 3.001344 0.122308
c386 0.014257 0.015300 -2.643523 -0.578739 0.122822
c387 0.011830 0.014769 -5.245056 -2.777431 0.123740
c388 0.011194 0.014432 2.403705 -2.234380 0.123862
c389 0.011395 0.014246 -0.893535 -2.484000 0.123945
c390 0.011349 0.014121 -0.760444 -4.841362 0.123995
c391 0.011285 0.013712 -0.478162 2.476512 0.124080
c392 0.011150 0.014413 -6.162626 4.013510 0.124363
c393 0.008986 0.015822 2.462646 5.394828 0.124714
c394 0.009298 0.016507 -1.311903 3.005773 0.124841
c395 0.009016 0.017154 -3.399802 -0.566694 0.125056
c396 0.006634 0.016757 0.644331 0.770820 0.125757
c397 0.007043 0.017246 -3.337799 4.182583 0.126390
c398 0.005989 0.018566 4.737482 3.850479 0.126706
c399 0.006848 0.019264 1.484997 0.111543 0.126887
c400 0.006895 0.019268 4.529402 1.041940 0.126919
c401 0.009413 0.019847 -1.740064 3.654623 0.127475
c402 0.009323 0.020037 2.291531 5.349729 0.127527
c403 0.010165 0.022003 0.122956 -0.087082 0.127895
c404 0.010211 0.021970 -7.287371 -3.464268 0.128271
c405 0.006501 0.020206 -4.557316 -4.715462 0.128780
c406 0.002350 0.015911 -2.345744 -6.463698 0.129691
c407 0.001701 0.014124 -6.405576 -7.662172 0.129968
c408 0.000188 0.012314 -7.350047 -6.564881 0.130204
c409 -0.001011 0.011243 -5.600303 -8.890899 0.130367
c410 -0.001075 0.011142 -3.250595 -11.115179 0.130378
c411 -0.003213 0.003832 -3.373803 -3.779851 0.131036
c412 -0.003439 0.003578 3.937115 0.070066 0.131103
c413 -0.000722 0.003627 0.243036 4.616603 0.131793
c414 -0.000510 0.007657 2.532306 6.586418 0.132666
c415 0.001064 0.011752 2.270590 2.876915 0.133288
c416 0.002049 0.012999 0.913395 -0.178778 0.133721
c417 0.002338 0.012942 -2.638699 -7.279630 0.134039
c418 0.002317 0.012885 0.622583 -7.357667 0.134046
c419 0.002630 0.009187 4.729771 -1.770272 0.134549
c420 0.006983 0.007558 2.670217 3.917781 0.135469
c421 0.007558 0.008402 1.596507 -3.803208 0.135685
c422 0.007943 0.007486 -3.238078 -6.750657 0.135926
c423 0.007173 0.005882 -3.992788 -8.416963 0.136163
c424 0.004795 0.000868 2.404625 -10.327973 0.136759
c425 0.005211 -0.000922 4.226964 -7.065279 0.136932
c426 0.007754 -0.005172 10.186799 -6.298285 0.137534
c427 0.008896 -0.005878 10.160786 -4.163536 0.137646
c428 0.012386 -0.007308 4.630186 -3.308972 0.137989
c429 0.014064 -0.008507 0.405102 2.137236 0.138352
c430 0.014330 -0.007105 -3.899046 -2.033460 0.139008
c431 0.014104 -0.007223 1.229397 -5.272004 0.139066
c432 0.014562 -0.009188 -0.164722 -6.968528 0.139439
c433 0.014471 -0.013047 3.182974 -6.735629 0.139992
c434 0.016795 -0.017965 7.497973 0.545409 0.140723
c435 0.020647 -0.017685 3.966007 5.474082 0.141236
c436 0.021259 -0.016840 1.987264 4.488730 0.141391
c437 0.021776 -0.015672 6.455716 3.602187 0.141651
c438 0.023375 -0.014780 4.615938 8.193658 0.141898
c439 0.024797 -0.012256 -1.080091 6.110864 0.142207
c440 0.024749 -0.011981 2.117653 7.184347 0.142251
c441 0.025475 -0.009517 5.739939 7.184207 0.142594
c442 0.028533 -0.005689 8.195234 0.177062 0.143127
c443 0.031254 -0.005630 6.475195 2.045498 0.143459
c444 0.031361 -0.005596 2.386151 0.641727 0.143476
c445 0.031497 -0.005560 1.115480 -3.867745 0.143533
c446 0.031689 -0.006227 -7.478346 -0.679646 0.143705
c447 0.029472 -0.006429 -10.126301 3.606059 0.144002
c448 0.027362 -0.005677 -10.362225 0.896744 0.144210
c449 0.026414 -0.005595 -4.251302 2.885287 0.144302
c450 0.024109 -0.004031 2.654102 5.583342 0.144844
c451 0.024798 -0.002580 7.094392 2.353903 0.145104
c452 0.027685 -0.001623 7.974790 -0.490574 0.145510
c453 0.029822 -0.001754 -1.084669 -4.179041 0.145778
c454 0.029577 -0.002697 3.030984 -7.782883 0.146004
c455 0.030570 -0.005248 6.973417 1.049401 0.146332
c456 0.032270 -0.004992 6.131184 -3.049457 0.146575
c457 0.035918 -0.006807 2.251687 -6.776634 0.147171
c458 0.035996 -0.007039 -1.257466 -3.480359 0.147205
c459 0.035983 -0.007075 -8.156833 -2.606821 0.147215
c460 0.033262 -0.007944 -4.898448 -5.945673 0.147549
c461 0.031335 -0.010284 -6.207994 -5.401769 0.147942
c462 0.030459 -0.011046 -1.588192 -7.927895 0.148083
c463 0.030018 -0.013245 -0.393777 -1.141729 0.148361
c464 0.029977 -0.013365 -1.212314 -5.545864 0.148466
c465 0.029692 -0.014666 0.082039 -0.646651 0.148700
c466 0.029736 -0.015009 -1.761064 1.821332 0.149231
c467 0.028010 -0.013224 1.033365 -3.277507 0.150211
c468 0.028057 -0.013372 -5.195898 -5.962436 0.150257
c469 0.027547 -0.013957 -3.526659 -8.250700 0.150355
c470 0.023591 -0.023214 -7.391003 -2.650284 0.151477
c471 0.021659 -0.023907 -5.671568 -5.242599 0.151738
c472 0.016212 -0.028942 -4.302762 -1.128305 0.152698
c473 0.013547 -0.029640 -3.716083 -0.672804 0.153318
c474 0.012782 -0.029779 -0.106869 -5.672232 0.153524
c475 0.012771 -0.030354 -3.437847 -2.253724 0.153625
c476 0.011768 -0.031011 -4.380420 -1.036406 0.153917
c477 0.010546 -0.031301 -0.946657 -2.071675 0.154196
c478 0.010466 -0.031475 0.468236 9.587993 0.154280
c479 0.010515 -0.030468 1.022625 10.863766 0.154385
c480 0.010764 -0.027828 -2.016868 5.719886 0.154628
c481 0.010612 -0.027396 -0.011092 8.406247 0.154703
c482 0.010605 -0.022099 -3.530658 0.527262 0.155333
c483 0.010097 -0.022023 -5.963405 2.707637 0.155477
c484 0.005363 -0.019874 3.475051 3.454833 0.156271
c485 0.005987 -0.019254 1.700052 5.899893 0.156450
c486 0.006925 -0.015998 -4.249412 10.731023 0.157002
c487 0.005768 -0.013076 -6.712454 8.931883 0.157275
c488 0.004220 -0.011016 -7.600558 0.627418 0.157505
c489 0.002505 -0.010874 -2.232357 -1.452135 0.157731
c490 0.001930 -0.011249 1.374867 -3.929414 0.157988
c491 0.002130 -0.011821 3.235246 -5.260566 0.158134
c492 0.002179 -0.011901 -1.677163 -0.789800 0.158149
c493 0.002116 -0.011931 -0.934185 -1.269320 0.158187
c494 0.001865 -0.012273 0.891722 -2.267381 0.158456
c495 0.002215 -0.013163 -1.065720 3.273176 0.158849
c496 0.001818 -0.011944 -8.567559 -1.265785 0.159221
c497 -0.000303 -0.012258 -4.347806 -0.322801 0.159469
c498 -0.000856 -0.012299 -3.094995 5.438704 0.159596
c499 -0.003768 -0.007182 6.498530 -3.477424 0.160537
c500 -0.003551 -0.007298 -1.737886 -6.775930 0.160570
c501 -0.005833 -0.016195 -0.767773 -9.082273 0.161883
c502 -0.006211 -0.020667 2.176333 -3.414202 0.162376
c503 -0.005169 -0.022302 0.433090 -2.110027 0.162855
c504 -0.005023 -0.023012 -1.330517 -1.843879 0.163191
c505 -0.005291 -0.023384 -3.124957 -6.183398 0.163393
c506 -0.006534 -0.025842 2.162697 -1.731440 0.163790
c507 -0.006517 -0.025856 -3.365812 -3.129973 0.163798
c508 -0.009983 -0.029080 0.720407 4.263509 0.164828
c509 -0.009746 -0.027674 6.193405 1.069258 0.165158
c510 -0.009731 -0.027671 2.247635 -1.161501 0.165161
c511 -0.009674 -0.027700 2.517045 -7.532173 0.165186
c512 -0.007861 -0.033125 -0.240734 -8.685036 0.165906
c513 -0.007901 -0.034571 -5.203134 -6.011972 0.166072
c514 -0.010096 -0.037107 -4.348556 -1.659786 0.166494
c515 -0.011871 -0.037784 -7.318747 -2.902808 0.166902
c516 -0.013286 -0.038345 -4.760334 -5.021128 0.167096
c517 -0.013391 -0.038456 -1.905182 -5.108535 0.167118
c518 -0.013661 -0.039180 -3.443028 2.384416 0.167259
c519 -0.014282 -0.038750 -2.944738 4.461882 0.167440
c520 -0.014330 -0.038678 -1.032472 8.608860 0.167456
c521 -0.014386 -0.038206 -6.482746 1.866522 0.167511
c522 -0.016435 -0.037616 -5.818509 -4.602340 0.167827
c523 -0.016806 -0.037909 -3.431645 -5.047014 0.167891
c524 -0.017292 -0.038623 1.624133 -3.694884 0.168032
c525 -0.016833 -0.039668 2.562571 -4.949407 0.168315
c526 -0.016088 -0.041107 2.548117 -3.717590 0.168606
c527 -0.015963 -0.041289 2.545970 0.461026 0.168655
c528 -0.015867 -0.041271 2.497478 2.009526 0.168693
c529 -0.013513 -0.039377 0.974978 3.630809 0.169635
c530 -0.013358 -0.038800 -3.314496 3.002998 0.169794
c531 -0.013908 -0.038302 -3.135130 2.426121 0.169960
c532 -0.014261 -0.038028 0.088910 -4.771010 0.170073
c533 -0.014245 -0.038927 3.744708 -6.124931 0.170261
c534 -0.011986 -0.042621 1.825797 -3.330278 0.170864
c535 -0.011735 -0.043080 2.517445 -2.807368 0.171002
c536 -0.003974 -0.041029 1.859844 -1.426393 0.173229
c537 -0.002038 -0.042514 -2.536246 -1.493734 0.174270
c538 -0.002256 -0.042643 -1.525194 -2.162524 0.174356
c539 -0.003948 -0.044538 1.368601 2.510739 0.175497
c540 -0.003671 -0.044030 1.831393 -4.174169 0.175700
c541 -0.002478 -0.043572 -4.244349 -4.514191 0.176242
c542 -0.004790 -0.043193 -3.309636 1.093087 0.176847
c543 -0.004850 -0.043174 -6.681554 -0.345230 0.176865
c544 -0.007874 -0.043330 -4.015043 -4.322758 0.177317
c545 -0.009177 -0.042759 -9.936657 0.156422 0.177764
c546 -0.009606 -0.042752 -4.848901 -7.506913 0.177807
c547 -0.010557 -0.041429 -3.814970 2.966612 0.178216
c548 -0.010699 -0.041319 4.725925 2.574199 0.178253
c549 -0.008989 -0.040387 5.573067 1.822940 0.178615
c550 -0.007650 -0.039949 2.498713 3.299934 0.178855
c551 -0.007258 -0.039431 2.558545 -4.171534 0.179012
c552 -0.006335 -0.040935 7.451281 -6.830101 0.179373
c553 -0.005869 -0.041363 3.410362 4.694600 0.179435
c554 -0.004995 -0.040160 3.693974 7.600473 0.179691
c555 -0.004776 -0.039710 6.350977 6.166898 0.179751
c556 -0.004266 -0.039215 -0.029978 3.439256 0.179831
c557 -0.004267 -0.039132 -1.105666 6.135521 0.179855
c558 -0.004362 -0.038606 1.860062 3.162412 0.179941
c559 -0.004335 -0.038561 -0.972896 0.844062 0.179955
c560 -0.004776 -0.038178 2.141718 -0.090267 0.180409
c561 -0.003936 -0.038214 0.176569 -3.333507 0.180801
c562 -0.003934 -0.038258 0.103269 -0.161343 0.180814
c563 -0.003905 -0.038303 -4.737501 4.463414 0.181094
c564 -0.008121 -0.034331 -3.331270 6.390326 0.181984
c565 -0.008822 -0.032986 -3.835113 1.761847 0.182194
c566 -0.013654 -0.030766 -1.523419 -0.512712 0.183454
c567 -0.014810 -0.031155 -5.812678 -1.919963 0.184213
c568 -0.016156 -0.031600 -0.663214 -4.077960 0.184444
c569 -0.016490 -0.033653 -2.569478 -8.323366 0.184948
c570 -0.017144 -0.035774 4.059707 -1.948319 0.185203
c571 -0.016454 -0.036106 6.546476 -8.612421 0.185373
c572 -0.015408 -0.037482 6.310832 -4.684134 0.185532
c573 -0.015299 -0.037563 4.591845 -7.196521 0.185550
c574 -0.013409 -0.040525 6.203605 1.717447 0.185961
c575 -0.011868 -0.040098 6.800508 7.073810 0.186210
c576 -0.006675 -0.034696 6.494167 0.408726 0.186973
c577 -0.005545 -0.034625 2.631281 2.980327 0.187147
c578 -0.005412 -0.034474 1.933144 0.019273 0.187198
c579 -0.003475 -0.034454 -1.767396 -1.861920 0.188200
c580 -0.004087 -0.035099 -0.517918 -3.637262 0.188546
c581 -0.004099 -0.035186 -4.471291 -1.082838 0.188570
c582 -0.004302 -0.035235 -8.319175 -2.337365 0.188615
c583 -0.007376 -0.036099 -5.177529 1.531193 0.188985
c584 -0.007522 -0.036055 -6.484293 -0.372146 0.189013
c585 -0.010252 -0.036212 -3.504481 -0.146272 0.189434
c586 -0.012260 -0.036296 0.054199 -3.886035 0.190007
c587 -0.012256 -0.036578 -3.042321 -0.531625 0.190080
c588 -0.014262 -0.036929 -0.766549 -0.837196 0.190739
c589 -0.014401 -0.037080 3.447422 -7.109336 0.190920
c590 -0.012752 -0.040480 3.929374 -1.048752 0.191398
c591 -0.011866 -0.040716 2.077957 4.131854 0.191624
c592 -0.011836 -0.040656 4.051007 7.851578 0.191638
c593 -0.009832 -0.036771 1.382941 -2.007425 0.192133
c594 -0.009681 -0.036991 -5.797454 -2.368139 0.192242
c595 -0.009822 -0.037049 -1.344031 3.975623 0.192267
c596 -0.010158 -0.036055 1.979546 3.381996 0.192517
c597 -0.009624 -0.035144 -6.739198 3.405261 0.192786
c598 -0.013015 -0.033431 -8.002336 8.325778 0.193289
c599 -0.013667 -0.032752 -2.014486 7.352025 0.193371
c600 -0.013746 -0.032464 -0.105310 4.681174 0.193410
c601 -0.013753 -0.032178 -0.488595 1.717461 0.193471
c602 -0.013950 -0.031483 -2.948364 1.406085 0.193876
c603 -0.014565 -0.031190 -1.051123 4.301312 0.194084
c604 -0.014637 -0.030898 -2.628457 1.631040 0.194152
c605 -0.014655 -0.030886 5.362866 -1.572388 0.194159
c606 -0.013362 -0.031265 7.808648 -4.675092 0.194400
c607 -0.012455 -0.031808 5.153678 -4.752343 0.194517
c608 -0.011829 -0.032386 2.619910 -11.122212 0.194638
c609 -0.011475 -0.033889 3.800386 -6.445972 0.194773
c610 -0.011078 -0.034562 -0.900949 -6.598569 0.194878
c611 -0.011087 -0.034625 4.296565 -4.482245 0.194887
c612 -0.008622 -0.037197 1.682067 -5.741516 0.195461
c613 -0.008316 -0.038241 8.280640 0.649547 0.195643
c614 -0.004529 -0.037944 7.496714 -0.107332 0.196100
c615 -0.003484 -0.037959 4.369309 -2.161988 0.196239
c616 -0.002160 -0.038614 2.312004 -2.520033 0.196543
c617 -0.001463 -0.039374 -2.628916 -0.672466 0.196844
c618 -0.002060 -0.039526 0.022362 1.785029 0.197071
c619 -0.002054 -0.039094 -5.874989 5.025910 0.197313
c620 -0.002104 -0.039051 -1.037373 2.626229 0.197321
c621 -0.002167 -0.038891 -3.176784 1.824846 0.197383
c622 -0.002275 -0.038829 -2.688648 -4.608215 0.197417
c623 -0.004030 -0.041837 -2.213262 -5.240204 0.198070
c624 -0.004334 -0.042555 1.990768 -7.472047 0.198206
c625 -0.002588 -0.042346 6.272668 0.675383 0.198868
c626 -0.000556 -0.042127 7.819579 2.407180 0.199192
c627 0.001080 -0.041623 -0.143575 -7.683126 0.199401
c628 0.001062 -0.042588 2.803828 -5.207768 0.199527
c629 0.002757 -0.043898 2.508281 1.798288 0.200169
c630 0.002922 -0.043780 4.496691 1.964408 0.200235
c631 0.006384 -0.042267 0.527781 4.165279 0.201005
c632 0.006614 -0.040457 5.284749 5.225957 0.201439
c633 0.007342 -0.039736 9.393899 1.903716 0.201577
c634 0.007863 -0.039631 9.212336 0.752782 0.201633
c635 0.009366 -0.039508 5.654353 5.753733 0.201796
c636 0.010425 -0.038430 1.749550 8.416478 0.201983
c637 0.010441 -0.038356 2.073976 5.122534 0.201992
c638 0.010498 -0.038214 -1.118521 2.168150 0.202020
c639 0.010459 -0.038137 -0.179489 0.167917 0.202055
c640 0.010436 -0.038116 2.249031 -2.297409 0.202180
c641 0.013593 -0.041341 1.194981 -1.996092 0.203584
c642 0.014116 -0.042215 -1.776324 -4.812698 0.204021
c643 0.013638 -0.042624 0.712224 5.283147 0.204204
c644 0.013937 -0.040412 4.044955 5.860264 0.204623
c645 0.015486 -0.038168 4.144773 4.541818 0.205006
c646 0.018758 -0.034582 4.086648 -2.987977 0.205795
c647 0.018907 -0.034692 3.170106 -2.633358 0.205832
c648 0.019695 -0.035346 -8.575477 -2.522570 0.206081
c649 0.016689 -0.036231 -2.369157 2.887714 0.206431
c650 0.016619 -0.036146 1.738032 0.092447 0.206461
c651 0.016885 -0.036132 -2.942659 5.821226 0.206614
c652 0.016858 -0.036078 -0.550116 5.820613 0.206623
c653 0.016858 -0.036076 -0.892069 -0.832980 0.206624
c654 0.016765 -0.036163 0.937842 -0.729582 0.206728
c655 0.016960 -0.036314 -1.665466 -4.212343 0.206936
c656 0.016898 -0.036471 3.493713 -4.039896 0.206973
c657 0.017397 -0.037047 8.124503 1.167355 0.207115
c658 0.019832 -0.036697 8.320961 3.732201 0.207415
c659 0.023795 -0.034920 5.603622 2.397954 0.207891
c660 0.026889 -0.033596 4.635910 0.444969 0.208444
c661 0.028501 -0.033441 8.404324 -4.870011 0.208791
c662 0.028431 -0.031414 -2.051353 6.908999 0.209195
c663 0.027103 -0.026943 -3.320421 4.294801 0.209842
c664 0.026349 -0.025967 -2.052274 -1.566232 0.210069
c665 0.026145 -0.026122 -1.924729 -2.659700 0.210168
c666 0.025263 -0.027340 2.886118 -3.177052 0.210626
c667 0.025557 -0.027663 -0.377561 4.752488 0.210728
c668 0.025426 -0.026013 0.140118 6.053524 0.211075
c669 0.025427 -0.025973 -3.567332 3.898017 0.211082
c670 0.025300 -0.025834 -3.485193 4.121007 0.211117
c671 0.024596 -0.025001 2.823263 -2.248684 0.211320
c672 0.024705 -0.025088 3.278268 -0.417713 0.211358
