c1 0.000000 0.000000 1.428101 -3.995836 0.000078
c2 0.000018 -0.000051 1.895605 -2.102878 0.000091
c3 0.000035 -0.000070 1.506848 -7.741111 0.000100
c4 0.000042 -0.000105 1.731965 -0.153399 0.000104
c5 0.000063 -0.000107 4.744026 -2.946062 0.000116
c6 0.001290 -0.000868 3.281407 -4.412147 0.000375
c7 0.001577 -0.001254 3.253798 -3.690669 0.000462
c8 0.001702 -0.001396 -1.397783 -2.321762 0.000501
c9 0.001378 -0.001934 1.610143 1.291241 0.000732
c10 0.001483 -0.001850 -3.255411 -3.148585 0.000798
c11 0.001212 -0.002112 -1.894164 0.560557 0.000881
c12 0.000733 -0.001971 1.250328 2.316964 0.001134
c13 0.000857 -0.001741 -2.546057 -0.579045 0.001233
c14 0.000232 -0.001883 -1.183425 -1.079062 0.001479
c15 0.000135 -0.001971 -3.262388 -3.443200 0.001560
c16 -0.000284 -0.002414 -1.732263 0.093654 0.001689
c17 -0.000590 -0.002397 -0.109899 -1.110800 0.001865
c18 -0.000613 -0.002630 -3.389258 2.724326 0.002075
c19 -0.000845 -0.002444 -0.567009 -0.973974 0.002143
c20 -0.001213 -0.003074 -0.336166 -1.124254 0.002791
c21 -0.001273 -0.003275 -0.207176 -3.636249 0.002969
c22 -0.001315 -0.004022 -0.544519 -1.334969 0.003175
c23 -0.001388 -0.004200 -2.340505 -2.382832 0.003308
c24 -0.002113 -0.004939 -1.629198 -1.322061 0.003618
c25 -0.002721 -0.005432 1.159563 1.698049 0.003991
c26 -0.002012 -0.004394 1.938693 -0.651743 0.004602
c27 -0.001748 -0.004483 2.793121 -6.360021 0.004739
c28 -0.001728 -0.004527 -2.434331 -6.414414 0.004746
c29 -0.002938 -0.007715 0.027905 -2.921481 0.005243
c30 -0.002937 -0.007849 1.359037 -2.782234 0.005289
c31 -0.001678 -0.010425 2.539246 2.422089 0.006214
c32 0.000418 -0.008425 -6.930845 -4.074858 0.007040
c33 0.000297 -0.008496 -10.002468 -4.582607 0.007058
c34 -0.003493 -0.010233 -3.194558 -1.766480 0.007437
c35 -0.004138 -0.010589 -2.458911 -0.093411 0.007638
c36 -0.004274 -0.010594 3.057071 -1.257839 0.007694
c37 -0.003312 -0.010990 -0.144961 -0.902056 0.008008
c38 -0.003386 -0.011456 2.724628 -1.620752 0.008525
c39 -0.003046 -0.011659 2.427769 2.325676 0.008650
c40 -0.002431 -0.011070 -2.449050 1.131688 0.008904
c41 -0.002563 -0.011009 -8.761904 -2.019750 0.008958
c42 -0.006803 -0.011986 -9.411126 -4.506055 0.009441
c43 -0.007088 -0.012123 -6.716189 -0.432137 0.009472
c44 -0.007233 -0.012132 -11.009292 5.447996 0.009493
c45 -0.007248 -0.012125 -3.773068 0.195815 0.009495
c46 -0.007945 -0.012089 -3.690554 -0.228908 0.009679
c47 -0.009567 -0.012189 -5.332725 -0.448420 0.010119
c48 -0.011494 -0.012351 -0.961163 3.945197 0.010480
c49 -0.011513 -0.012271 -3.219719 -0.015009 0.010501
c50 -0.014047 -0.012282 -5.449244 -2.819788 0.011288
c51 -0.014628 -0.012583 -3.851638 -0.645917 0.011394
c52 -0.014634 -0.012584 -1.582278 -2.036147 0.011396
c53 -0.015089 -0.013170 -1.149816 -1.391491 0.011684
c54 -0.015823 -0.014058 -0.017929 -1.847825 0.012322
c55 -0.015824 -0.014104 3.240438 0.478096 0.012347
c56 -0.013709 -0.013792 0.137298 -2.572722 0.012999
c57 -0.013630 -0.015261 -1.131673 -0.981174 0.013570
c58 -0.013990 -0.015572 1.935657 -1.199097 0.013888
c59 -0.013211 -0.016055 0.276813 -1.042325 0.014290
c60 -0.013116 -0.016413 0.480026 0.219976 0.014634
c61 -0.012922 -0.016324 -1.575230 1.177810 0.015038
c62 -0.013465 -0.015918 -2.930803 3.022848 0.015383
c63 -0.016135 -0.013164 -3.030888 1.244809 0.016294
c64 -0.016616 -0.012966 1.330192 2.954837 0.016453
c65 -0.016303 -0.012269 0.233728 2.259622 0.016689
c66 -0.016296 -0.012207 -4.924826 6.743728 0.016716
c67 -0.016998 -0.011245 -4.930104 4.840820 0.016859
c68 -0.020871 -0.007443 -2.514469 5.815916 0.017644
c69 -0.025088 0.002312 -5.470859 8.490093 0.019322
c70 -0.025492 0.002939 3.062563 4.596631 0.019396
c71 -0.023669 0.005675 -1.086667 9.553782 0.019991
c72 -0.024043 0.008966 0.672596 1.373137 0.020335
c73 -0.023973 0.009110 -0.416721 -1.309311 0.020441
c74 -0.023977 0.009097 -5.253356 1.910919 0.020451
c75 -0.025515 0.009656 -8.878098 -0.759820 0.020744
c76 -0.027265 0.009507 -9.406791 0.162035 0.020941
c77 -0.028591 0.009529 -2.133751 -7.375318 0.021082
c78 -0.028682 0.009213 -4.468983 -4.298990 0.021125
c79 -0.029541 0.008387 2.004823 -4.416420 0.021317
c80 -0.029533 0.008370 3.110746 -1.010806 0.021320
c81 -0.028020 0.007878 2.279866 -6.753956 0.021807
c82 -0.027378 0.005976 4.263276 -9.523800 0.022089
c83 -0.027101 0.005357 -6.860422 -7.383368 0.022154
c84 -0.028008 0.004381 -3.108219 -9.412398 0.022286
c85 -0.028166 0.003900 1.350790 -4.962106 0.022337
c86 -0.027674 0.002092 -5.482433 -4.518447 0.022701
c87 -0.029507 0.000581 -4.971895 -5.586764 0.023036
c88 -0.031838 -0.002038 -7.676347 -3.399734 0.023505
c89 -0.033624 -0.002829 -5.137589 -0.647019 0.023737
c90 -0.034277 -0.002911 -1.892659 -2.404783 0.023864
c91 -0.034370 -0.003030 -1.927275 -0.561407 0.023914
c92 -0.035315 -0.003305 -7.164584 -2.203393 0.024404
c93 -0.036936 -0.003804 -7.658880 -1.824023 0.024630
c94 -0.037247 -0.003878 -5.402886 -5.029344 0.024671
c95 -0.037429 -0.004047 -8.301651 -3.364619 0.024704
c96 -0.039359 -0.004829 -0.448014 -4.200415 0.024937
c97 -0.039432 -0.005515 4.463450 3.622012 0.025100
c98 -0.038822 -0.005020 -3.420748 0.909423 0.025237
c99 -0.039728 -0.004779 -3.596343 -0.476998 0.025502
c100 -0.039751 -0.004782 -0.747406 1.977157 0.025508
c101 -0.039845 -0.004534 1.647225 -0.698967 0.025633
c102 -0.038845 -0.004958 -3.074813 4.767901 0.026240
c103 -0.040319 -0.002672 -1.775312 6.612743 0.026720
c104 -0.040635 -0.001496 -1.147628 4.704576 0.026897
c105 -0.041068 0.000279 0.740382 5.478746 0.027275
c106 -0.040399 0.005233 -4.017888 0.276880 0.028179
c107 -0.041047 0.005278 1.381657 0.119460 0.028340
c108 -0.040943 0.005287 -0.956792 2.455660 0.028415
c109 -0.041399 0.006455 3.224126 3.610070 0.028891
c110 -0.040233 0.007761 -2.996036 1.469307 0.029253
c111 -0.042983 0.009617 0.509255 -3.158073 0.030794
c112 -0.042953 0.009430 -1.285505 -3.020776 0.030853
c113 -0.043130 0.009014 2.569584 -6.092864 0.030991
c114 -0.042254 0.006936 3.533449 -6.872664 0.031332
c115 -0.041299 0.005079 6.477764 -3.162626 0.031602
c116 -0.040716 0.004795 9.915612 -1.571891 0.031692
c117 -0.039603 0.004618 10.494951 2.681140 0.031804
c118 -0.039397 0.004671 -2.400891 -2.648324 0.031824
c119 -0.040102 0.003893 -0.370418 -4.032340 0.032117
c120 -0.040623 -0.001781 4.405507 -2.051948 0.033524
c121 -0.038151 -0.002932 2.109820 -6.631404 0.034085
c122 -0.036962 -0.006670 6.815819 0.223748 0.034649
c123 -0.036729 -0.006662 6.520758 3.832184 0.034683
c124 -0.033440 -0.004729 4.560110 1.072099 0.035188
c125 -0.024096 -0.002532 5.011169 9.142277 0.037237
c126 -0.022773 -0.000119 4.095211 7.412868 0.037501
c127 -0.022626 0.000146 -1.409364 5.401251 0.037537
c128 -0.023921 0.005107 -1.853531 -2.920854 0.038455
c129 -0.024124 0.004786 -1.029284 4.389476 0.038565
c130 -0.024205 0.005130 0.949767 3.684816 0.038643
c131 -0.023713 0.007037 -4.546568 7.013601 0.039160
c132 -0.025039 0.009082 -2.733728 0.536407 0.039452
c133 -0.025875 0.009246 -0.558439 1.359746 0.039758
c134 -0.026167 0.009958 4.945441 -1.083053 0.040282
c135 -0.025146 0.009734 8.143652 1.405840 0.040488
c136 -0.022228 0.010238 5.835843 5.037895 0.040847
c137 -0.020170 0.012014 3.925772 5.587190 0.041199
c138 -0.019914 0.012379 -5.083104 4.936272 0.041264
c139 -0.023271 0.015639 -1.939885 2.282799 0.041925
c140 -0.023706 0.016151 -1.307086 0.269824 0.042149
c141 -0.024109 0.016234 -0.515439 -2.263386 0.042457
c142 -0.024476 0.014623 -0.151481 0.961706 0.043169
c143 -0.024594 0.015373 -2.286832 1.333577 0.043948
c144 -0.025811 0.016083 2.403671 -0.089893 0.044481
c145 -0.025675 0.016078 -2.054356 -0.812710 0.044538
c146 -0.026439 0.015776 -2.566351 2.100460 0.044910
c147 -0.028385 0.017368 -4.956005 1.261905 0.045668
c148 -0.028490 0.017395 -1.232663 0.174241 0.045689
c149 -0.028660 0.017419 1.428124 1.395381 0.045827
c150 -0.028323 0.017748 -0.158491 -0.058483 0.046063
c151 -0.028325 0.017747 -3.746316 3.034772 0.046076
c152 -0.029757 0.018907 -0.708701 7.156284 0.046458
c153 -0.029920 0.020544 1.605653 5.017974 0.046687
c154 -0.029595 0.021558 -1.260790 7.256738 0.046889
c155 -0.029818 0.022839 -5.635708 5.094010 0.047065
c156 -0.029912 0.022924 -1.757610 5.405556 0.047082
c157 -0.030263 0.024004 -0.761587 4.101463 0.047282
c158 -0.030623 0.025940 -4.150676 8.308988 0.047754
c159 -0.031302 0.027300 3.330694 8.938514 0.047918
c160 -0.030093 0.030544 -3.506719 5.006129 0.048281
c161 -0.030434 0.031031 -2.472903 0.894865 0.048378
c162 -0.031985 0.031490 4.622453 3.002726 0.049071
c163 -0.029900 0.032844 2.635660 5.338492 0.049522
c164 -0.029049 0.034277 2.051311 1.599839 0.049811
c165 -0.028246 0.034903 -5.104026 2.866757 0.050202
c166 -0.028035 0.033983 1.137648 1.208894 0.050395
c167 -0.027724 0.034314 6.047942 4.922673 0.050668
c168 -0.023937 0.037396 4.955560 -2.727741 0.051294
c169 -0.023737 0.037286 1.659723 -11.018090 0.051335
c170 -0.023112 0.033134 1.992297 -6.904534 0.051711
c171 -0.023033 0.032860 3.378381 -7.669502 0.051751
c172 -0.023009 0.032807 -7.556689 -4.716693 0.051758
c173 -0.023031 0.032793 -4.234222 -6.620490 0.051761
c174 -0.023534 0.032008 -8.812580 -3.173930 0.051880
c175 -0.025872 0.031165 -4.617535 1.863175 0.052145
c176 -0.026721 0.031508 1.450833 1.157473 0.052329
c177 -0.026336 0.031815 3.461278 -2.795708 0.052594
c178 -0.025934 0.031491 -2.887324 4.421876 0.052711
c179 -0.027738 0.034254 -2.099592 0.508059 0.053335
c180 -0.028712 0.032006 3.534023 -2.087721 0.055039
c181 -0.027932 0.031545 7.767403 -2.285280 0.055259
c182 -0.018300 0.028711 3.418528 0.096566 0.056500
c183 -0.013889 0.028836 -0.294946 -2.264338 0.057790
c184 -0.014056 0.027551 -2.832061 -4.944368 0.058358
c185 -0.015226 0.025509 -0.431982 -0.538795 0.058771
c186 -0.015268 0.025456 2.851938 -1.233282 0.058869
c187 -0.015205 0.025428 1.595685 3.104891 0.058891
c188 -0.014541 0.026720 -4.070897 1.678407 0.059307
c189 -0.014737 0.026800 -0.452834 2.676138 0.059355
c190 -0.014909 0.027816 1.062319 -0.017774 0.059735
c191 -0.014640 0.027811 1.026589 0.339187 0.059988
c192 -0.013949 0.028039 -2.925851 4.134570 0.060661
c193 -0.014225 0.028430 4.391247 -1.694033 0.060755
c194 -0.011297 0.027300 10.341094 -3.075629 0.061422
c195 -0.007710 0.026233 8.681464 7.528488 0.061769
c196 -0.006065 0.027660 0.359880 3.974021 0.061959
c197 -0.005980 0.028596 5.102550 -1.659087 0.062194
c198 -0.001529 0.027149 4.355648 1.665095 0.063066
c199 -0.000091 0.027699 -4.427815 5.265562 0.063397
c200 -0.002637 0.030727 1.853706 1.974070 0.063972
c201 -0.002531 0.030840 2.639211 1.189953 0.064029
c202 -0.002477 0.030864 4.818882 -1.045423 0.064049
c203 -0.001493 0.030650 3.285861 4.718819 0.064253
c204 -0.001077 0.031248 -6.382672 6.548251 0.064380
c205 -0.001926 0.032119 -3.112720 2.909789 0.064513
c206 -0.002252 0.032424 -0.875702 1.573214 0.064618
c207 -0.002881 0.033554 -4.728553 -8.794355 0.065336
c208 -0.003584 0.032247 -6.246522 -3.553629 0.065485
c209 -0.004337 0.031818 -1.835226 -0.704021 0.065605
c210 -0.005154 0.031505 1.658066 -7.431415 0.066050
c211 -0.004749 0.029687 -1.052615 0.337718 0.066295
c212 -0.004843 0.029717 2.921296 2.742331 0.066385
c213 -0.003352 0.031116 -3.758727 2.104347 0.066895
c214 -0.003755 0.031342 2.506781 -1.152772 0.067002
c215 -0.003081 0.031032 -1.733595 -2.454605 0.067271
c216 -0.006381 0.026359 2.647858 -6.094143 0.069175
c217 -0.006272 0.026109 -0.466358 -1.305633 0.069216
c218 -0.006368 0.025842 6.660398 -0.290823 0.069420
c219 -0.005842 0.025819 8.021869 0.367018 0.069499
c220 -0.004284 0.025890 3.544504 -3.203352 0.069693
c221 -0.003411 0.025102 4.557790 -2.546173 0.069940
c222 -0.000129 0.023268 1.131645 -6.282284 0.070660
c223 0.000156 0.021686 -3.236057 -0.326743 0.070912
c224 -0.000524 0.021617 -1.941530 1.736891 0.071122
c225 -0.001945 0.022888 -4.721554 -3.089548 0.071854
c226 -0.003434 0.021914 -0.804662 -3.719476 0.072169
c227 -0.004376 0.017563 -2.679319 2.666850 0.073339
c228 -0.005516 0.018697 1.638151 0.618186 0.073764
c229 -0.004785 0.018973 2.410775 -3.107510 0.074211
c230 -0.004735 0.018909 -1.452854 -1.495211 0.074231
c231 -0.005842 0.017770 1.040712 1.421434 0.074994
c232 -0.004723 0.019298 0.814274 2.583750 0.076069
c233 -0.004690 0.019403 4.006157 3.657496 0.076109
c234 -0.003411 0.020570 2.366721 4.038612 0.076428
c235 -0.002605 0.021945 2.991199 2.939189 0.076769
c236 -0.002163 0.022380 -1.507861 -0.873199 0.076917
c237 -0.002628 0.022111 3.176111 0.125624 0.077225
c238 -0.002460 0.022117 5.028437 0.011909 0.077278
c239 -0.002328 0.022118 2.289523 3.968818 0.077304
c240 -0.000707 0.024928 6.008902 5.698116 0.078012
c241 0.002993 0.028437 4.542088 3.073813 0.078628
c242 0.003035 0.028465 4.895327 -0.230767 0.078637
c243 0.003218 0.028457 0.481545 -7.450402 0.078675
c244 0.003333 0.026680 -0.811055 -7.584121 0.078913
c245 0.002356 0.017545 -2.345076 1.407171 0.080118
c246 0.001543 0.018033 -0.788461 5.916472 0.080464
c247 0.001496 0.018391 2.938818 1.449097 0.080525
c248 0.002035 0.018657 5.597186 2.898967 0.080708
c249 0.004191 0.019774 8.180843 1.019480 0.081093
c250 0.005154 0.019894 8.758902 -2.092844 0.081211
c251 0.007221 0.019400 12.225796 4.057670 0.081447
c252 0.010980 0.020647 5.917406 -4.671232 0.081755
c253 0.010995 0.020636 3.220766 -0.983631 0.081757
c254 0.011144 0.020590 -3.727911 -0.379720 0.081803
c255 0.010311 0.020505 2.549446 -2.025532 0.082027
c256 0.010536 0.020327 2.519197 -1.241273 0.082115
c257 0.010719 0.020237 -3.386996 -4.151883 0.082188
c258 0.010359 0.019796 4.204452 -2.587149 0.082294
c259 0.012238 0.018640 3.703078 -2.055798 0.082741
c260 0.012443 0.018526 -0.992259 5.978750 0.082796
c261 0.012039 0.020962 -0.472257 7.007523 0.083203
c262 0.011972 0.021951 0.933308 2.726748 0.083345
c263 0.012239 0.022730 -8.188557 0.148717 0.083630
c264 0.011971 0.022735 -7.634394 2.601822 0.083663
c265 0.010854 0.023116 -3.469364 -4.056895 0.083810
c266 0.010109 0.022245 -7.202079 -0.432787 0.084024
c267 0.007002 0.022058 3.288313 2.316031 0.084456
c268 0.010411 0.024459 -4.438843 4.391817 0.085492
c269 0.009635 0.025228 -9.241990 1.186881 0.085667
c270 0.008698 0.025348 -1.336555 0.427605 0.085769
c271 0.008147 0.025524 -3.086861 -1.320163 0.086181
c272 0.007805 0.025378 -2.650906 0.318853 0.086292
c273 0.006944 0.025481 6.962589 -2.152059 0.086616
c274 0.009358 0.024735 6.627722 -5.088054 0.086963
c275 0.009457 0.024659 7.120575 -8.773124 0.086978
c276 0.009487 0.024623 2.741501 -1.358006 0.086982
c277 0.009535 0.024598 4.999214 4.307909 0.087000
c278 0.009555 0.024615 5.399515 1.439394 0.087004
c279 0.010499 0.024867 6.095769 -1.344222 0.087179
c280 0.011468 0.024653 3.341940 0.789829 0.087338
c281 0.013411 0.025112 -1.876982 -3.571753 0.087919
c282 0.013247 0.024801 -0.972907 -4.367810 0.088006
c283 0.012354 0.020789 -0.298051 -2.462245 0.088925
c284 0.012282 0.020195 -1.583565 3.646861 0.089166
c285 0.012009 0.020824 1.129880 3.393357 0.089338
c286 0.012802 0.023206 -2.101088 5.479384 0.090040
c287 0.012602 0.023728 -2.708957 11.043674 0.090136
c288 0.012390 0.024590 2.260644 8.628889 0.090214
c289 0.012439 0.024775 3.800170 6.982132 0.090235
c290 0.012635 0.025135 3.016675 2.389649 0.090287
c291 0.014293 0.026449 -2.272735 -1.467124 0.090836
c292 0.013963 0.026236 -5.655935 -1.145288 0.090982
c293 0.013855 0.026214 -5.563508 -2.162016 0.091001
c294 0.013389 0.026033 -6.196947 -5.184514 0.091085
c295 0.013319 0.025974 -7.523955 -0.958229 0.091096
c296 0.011951 0.025800 -8.987122 -1.680856 0.091278
c297 0.000389 0.023638 -3.297971 -2.451582 0.092564
c298 -0.000833 0.022729 0.755701 -6.978090 0.092935
c299 -0.000627 0.020825 4.998267 -3.594047 0.093208
c300 -0.000028 0.020394 -0.150277 -2.257092 0.093328
c301 -0.000029 0.020375 -2.584276 -6.185184 0.093336
c302 -0.000853 0.018403 -3.022081 -6.807659 0.093655
c303 -0.001201 0.017620 -5.296259 -0.224809 0.093770
c304 -0.001997 0.017586 -5.557523 -0.971485 0.093920
c305 -0.002707 0.017462 -4.873796 -3.071125 0.094048
c306 -0.002781 0.017415 -1.218926 5.819289 0.094063
c307 -0.002812 0.017563 -0.780677 4.668118 0.094089
c308 -0.002826 0.017642 -7.112093 -6.029174 0.094106
c309 -0.003839 0.016783 -3.325690 -9.080598 0.094248
c310 -0.004200 0.015797 -2.935373 -5.423297 0.094357
c311 -0.005519 0.013361 3.601951 -8.514795 0.094806
c312 -0.004747 0.011538 4.813578 -7.884022 0.095020
c313 -0.004129 0.010525 2.822987 -4.937683 0.095149
c314 -0.002362 0.007435 4.137576 6.695575 0.095774
c315 0.000491 0.012053 1.352840 0.125120 0.096464
c316 0.000508 0.012055 -6.457669 -2.914082 0.096476
c317 -0.007009 0.008663 -3.156155 -0.963706 0.097640
c318 -0.007226 0.008597 -0.548222 -0.253585 0.097709
c319 -0.007282 0.008571 -5.162441 1.758599 0.097811
c320 -0.008592 0.009017 -0.206392 -2.911936 0.098065
c321 -0.008634 0.008426 2.459589 -6.933415 0.098268
c322 -0.008584 0.008287 5.058835 -3.726430 0.098288
c323 -0.007137 0.007220 2.087804 -2.997766 0.098574
c324 -0.006949 0.006950 -0.835199 -8.041263 0.098664
c325 -0.006993 0.006523 -2.262371 -7.633457 0.098717
c326 -0.007354 0.005304 -2.510406 -2.506877 0.098877
c327 -0.008015 0.004644 -1.486178 -1.144928 0.099140
c328 -0.008245 0.004467 -2.563574 0.581843 0.099295
c329 -0.010851 0.005059 0.585517 -3.040541 0.100311
c330 -0.010847 0.005035 -3.211579 2.171187 0.100319
c331 -0.011798 0.005678 -2.331538 0.877272 0.100615
c332 -0.013959 0.006491 -4.365381 -4.162635 0.101542
c333 -0.014252 0.006212 -4.331837 -9.674670 0.101609
c334 -0.014597 0.005442 -3.851438 -9.778466 0.101689
c335 -0.015008 0.004397 -3.732935 0.141742 0.101796
c336 -0.015434 0.004413 -3.164302 -0.014800 0.101910
c337 -0.016169 0.004410 1.839761 -2.662449 0.102142
c338 -0.015796 0.003870 4.489225 -8.200595 0.102345
c339 -0.015709 0.003711 -0.308218 -6.869412 0.102364
c340 -0.015793 0.001838 6.885663 -2.116090 0.102637
c341 -0.014693 0.001499 -1.874204 -5.094887 0.102797
c342 -0.015509 -0.000721 -1.632626 -2.234532 0.103233
c343 -0.015718 -0.001007 -2.644286 -3.754931 0.103361
c344 -0.016464 -0.002066 5.107240 0.036153 0.103643
c345 -0.016263 -0.002064 -0.415734 0.358441 0.103682
c346 -0.016945 -0.001477 -4.645655 -7.546445 0.105321
c347 -0.018589 -0.004147 3.842261 -4.710823 0.105675
c348 -0.015582 -0.007833 -1.283136 -3.307616 0.106457
c349 -0.016349 -0.009808 -4.744310 -5.563738 0.107055
c350 -0.016622 -0.010129 -2.102167 -4.218489 0.107112
c351 -0.017351 -0.011590 -7.784111 4.271230 0.107459
c352 -0.019621 -0.010344 -7.916680 1.034705 0.107750
c353 -0.019935 -0.010303 -4.573460 -6.629499 0.107790
c354 -0.020305 -0.010840 0.393786 -4.489758 0.107871
c355 -0.020184 -0.012216 1.248243 2.460387 0.108177
c356 -0.019255 -0.010384 -1.359511 -3.987686 0.108922
c357 -0.019350 -0.010662 0.643431 -6.257639 0.108991
c358 -0.019181 -0.012303 1.891781 -1.202948 0.109254
c359 -0.018058 -0.013017 3.305804 1.629038 0.109847
c360 -0.017677 -0.012829 -8.075332 9.168343 0.109962
c361 -0.020801 -0.009282 -7.513147 5.293157 0.110349
c362 -0.021655 -0.008680 0.431360 4.666206 0.110463
c363 -0.021521 -0.007234 -0.459570 0.721402 0.110773
c364 -0.021808 -0.006783 0.038089 4.050230 0.111398
c365 -0.021805 -0.006433 -5.454019 3.870887 0.111485
c366 -0.027245 -0.002572 -4.383147 -1.453925 0.112482
c367 -0.027676 -0.002715 -3.072794 2.344047 0.112580
c368 -0.027881 -0.002558 -2.457425 0.607855 0.112647
c369 -0.027882 -0.002558 -5.220351 -4.170491 0.112647
c370 -0.028024 -0.002671 -3.244613 -6.206940 0.112675
c371 -0.028364 -0.003322 6.611813 -7.502206 0.112779
c372 -0.027849 -0.003907 7.260405 -7.300574 0.112857
c373 -0.027452 -0.004306 6.429552 -4.547787 0.112912
c374 -0.026769 -0.004789 7.602419 -2.066349 0.113018
c375 -0.024531 -0.005397 2.196063 2.627256 0.113313
c376 -0.023402 -0.004047 3.049070 -2.708826 0.113827
c377 -0.022913 -0.004482 4.311033 5.002464 0.113987
c378 -0.021133 -0.002416 11.840770 8.837391 0.114400
c379 -0.018720 -0.000615 11.386163 5.528240 0.114604
c380 -0.018115 -0.000322 11.320127 0.075840 0.114657
c381 -0.017792 -0.000319 5.187734 3.753247 0.114686
c382 -0.014303 0.002205 9.264951 -5.302958 0.115358
c383 -0.006556 -0.002229 0.869765 -6.931370 0.116194
c384 -0.006322 -0.004094 -0.973155 -3.548458 0.116463
c385 -0.006393 -0.004350 -7.196253 -2.237644 0.116535
c386 -0.007089 -0.004566 3.241905 -2.482953 0.116632
c387 -0.004798 -0.006320 0.414029 -4.648642 0.117339
c388 -0.004763 -0.006717 -6.234187 -2.328174 0.117424
c389 -0.010116 -0.008716 -5.809506 1.959100 0.118283
c390 -0.013788 -0.007478 -6.711938 -1.002214 0.118915
c391 -0.014770 -0.007624 0.183592 -1.238052 0.119061
c392 -0.014680 -0.008230 -5.066670 1.257187 0.119550
c393 -0.015496 -0.008028 -6.670030 -3.100007 0.119711
c394 -0.024696 -0.012304 -5.230661 3.528013 0.121091
c395 -0.024825 -0.012217 -6.370047 7.066671 0.121115
c396 -0.027637 -0.009097 1.793835 8.039946 0.121557
c397 -0.027617 -0.009007 4.320008 6.222659 0.121568
c398 -0.025653 -0.006178 -0.320436 6.157226 0.122023
c399 -0.025660 -0.006037 -3.087797 -0.135466 0.122046
c400 -0.027337 -0.006110 -4.110060 0.364043 0.122589
c401 -0.027952 -0.006056 -1.333924 1.315467 0.122738
c402 -0.028318 -0.005694 1.630851 -3.381144 0.123013
c403 -0.028088 -0.006172 0.186384 -2.024696 0.123154
c404 -0.027856 -0.008696 -2.152111 1.681426 0.124401
c405 -0.028599 -0.008115 -3.589558 -1.218582 0.124746
c406 -0.029548 -0.008437 -5.698322 -5.427783 0.125010
c407 -0.031211 -0.010021 -3.473722 0.496663 0.125302
c408 -0.031942 -0.009917 3.817148 1.244992 0.125513
c409 -0.029037 -0.008969 1.903744 -0.625330 0.126274
c410 -0.028165 -0.009256 -10.045747 4.149183 0.126732
c411 -0.028473 -0.009129 -10.253888 -2.148684 0.126763
c412 -0.029927 -0.009434 -2.591284 -4.286282 0.126905
c413 -0.030097 -0.009714 3.840369 3.939102 0.126970
c414 -0.030072 -0.009689 9.064765 -2.647776 0.126976
c415 -0.028877 -0.010038 6.884852 7.313420 0.127108
c416 -0.028617 -0.009761 4.810761 10.344415 0.127146
c417 -0.026660 -0.005553 11.391117 1.110175 0.127553
c418 -0.025140 -0.005405 10.767179 5.747673 0.127686
c419 -0.024805 -0.005226 3.683556 6.472967 0.127717
c420 -0.024192 -0.004149 2.806472 -6.352969 0.127884
c421 -0.024056 -0.004458 0.800081 -6.890152 0.127932
c422 -0.023566 -0.008679 -0.107665 -7.404356 0.128545
c423 -0.023664 -0.015426 -6.332362 -5.349819 0.129456
c424 -0.024206 -0.015884 -2.739177 -3.629516 0.129542
c425 -0.026110 -0.018407 -4.145862 -7.231061 0.130237
c426 -0.026158 -0.018491 -6.047464 1.530664 0.130248
c427 -0.027643 -0.018115 0.370065 -0.731130 0.130494
c428 -0.027606 -0.018188 -2.454428 -4.059225 0.130594
c429 -0.028242 -0.019240 1.441428 4.131394 0.130853
c430 -0.027412 -0.016862 4.138732 -1.443951 0.131429
c431 -0.026964 -0.017018 0.116107 -4.331014 0.131537
c432 -0.026961 -0.017118 -2.726491 -0.008044 0.131560
c433 -0.028261 -0.017122 1.936600 2.670823 0.132037
c434 -0.027213 -0.015676 4.987051 6.735005 0.132578
c435 -0.027174 -0.015624 1.277660 3.384257 0.132586
c436 -0.026446 -0.013696 -1.491509 1.043372 0.133155
c437 -0.027476 -0.012976 1.727002 2.385532 0.133846
c438 -0.027107 -0.012466 -0.510366 1.769139 0.134059
c439 -0.027304 -0.011784 -2.321052 6.741567 0.134445
c440 -0.027898 -0.010059 1.105807 9.096711 0.134701
c441 -0.027710 -0.008509 -2.675428 7.505445 0.134871
c442 -0.028123 -0.007350 -0.137211 6.258592 0.135026
c443 -0.028175 -0.004991 -3.649852 0.776462 0.135403
c444 -0.029862 -0.004632 -3.415705 2.982669 0.135865
c445 -0.031691 -0.003036 -5.558695 5.042963 0.136400
c446 -0.031825 -0.002913 2.775024 6.215080 0.136425
c447 -0.030929 -0.000905 -0.665748 7.227140 0.136748
c448 -0.031099 0.000949 4.417531 6.018398 0.137004
c449 -0.029541 0.003072 2.985057 0.689872 0.137357
c450 -0.028947 0.003209 -4.220747 4.105120 0.137556
c451 -0.030802 0.005014 -11.013067 1.784615 0.137996
c452 -0.035908 0.005841 -5.313397 -3.692205 0.138459
c453 -0.036398 0.005500 -4.785444 0.398140 0.138552
c454 -0.037979 0.005632 -4.057486 2.262573 0.138882
c455 -0.040358 0.006958 -4.885131 6.720818 0.139468
c456 -0.041739 0.008859 -9.265698 0.796898 0.139751
c457 -0.042581 0.008565 -3.777452 1.618607 0.140173
c458 -0.042794 0.008656 -0.364497 -3.186415 0.140229
c459 -0.042847 0.008193 -0.339883 1.006830 0.140375
c460 -0.043082 0.008889 0.330867 -1.144999 0.141067
c461 -0.043063 0.008823 -0.611854 0.663469 0.141125
c462 -0.043165 0.008933 -1.838129 1.235351 0.141291
c463 -0.043825 0.009515 -2.555721 -2.348402 0.141814
c464 -0.043758 0.008728 0.877605 -3.208751 0.142081
c465 -0.043666 0.008392 -0.772769 2.942821 0.142186
c466 -0.043683 0.008456 -4.645952 1.708698 0.142208
c467 -0.043987 0.008627 3.496427 3.987215 0.142347
c468 -0.043908 0.008717 -0.010969 1.911693 0.142370
c469 -0.043429 0.010839 2.034561 -0.691449 0.143538
c470 -0.042484 0.010518 2.815965 -2.055680 0.144002
c471 -0.038868 0.007878 4.549201 1.509123 0.145286
c472 -0.035569 0.008973 2.799039 3.737665 0.146012
c473 -0.034824 0.009967 2.272086 -1.913440 0.146278
c474 -0.033977 0.009254 1.209720 -8.991069 0.146650
c475 -0.033974 0.009230 -4.806705 -0.536666 0.146653
c476 -0.034536 0.009167 0.277145 5.218138 0.146770
c477 -0.034365 0.012388 2.859126 -2.370198 0.147387
c478 -0.031422 0.009948 4.676555 -5.076666 0.148416
c479 -0.031090 0.009588 -3.517679 -1.135517 0.148487
c480 -0.032078 0.009270 -3.399676 -5.263208 0.148768
c481 -0.032329 0.008881 -10.363587 0.988702 0.148842
c482 -0.037623 0.009386 -6.453962 9.057697 0.149353
c483 -0.039870 0.012539 0.833549 8.347965 0.149701
c484 -0.039789 0.013349 3.423233 -0.044176 0.149798
c485 -0.039409 0.013344 0.708508 -1.581358 0.149909
c486 -0.039308 0.013121 7.403429 -1.283584 0.150051
c487 -0.038473 0.012976 4.586048 -3.279601 0.150163
c488 -0.035272 0.010687 1.599891 -2.694322 0.150861
c489 -0.034994 0.010219 -1.501453 -3.277744 0.151035
c490 -0.036050 0.007915 1.473727 0.324903 0.151738
c491 -0.035200 0.008102 2.292396 -4.745681 0.152315
c492 -0.035169 0.008038 9.299528 -4.478160 0.152328
c493 -0.034823 0.007871 3.156985 -8.782551 0.152365
c494 -0.034759 0.007695 -6.301544 -4.468602 0.152386
c495 -0.035322 0.007296 -7.527187 -3.344126 0.152475
c496 -0.036893 0.006598 -6.221315 -3.443968 0.152684
c497 -0.037130 0.006467 -5.255359 -4.429397 0.152722
c498 -0.037929 0.005794 -2.754542 -7.945678 0.152874
c499 -0.038724 0.003501 2.686242 -7.955102 0.153162
c500 -0.037882 0.001009 -6.753477 -7.066432 0.153476
c501 -0.039026 -0.000188 -2.123353 2.432547 0.153645
c502 -0.039289 0.000113 -3.013486 3.016960 0.153769
c503 -0.040248 0.001073 -0.652352 5.594398 0.154087
c504 -0.040975 0.007304 -3.144125 3.589738 0.155201
c505 -0.042210 0.008715 -3.137728 -3.114391 0.155594
c506 -0.042345 0.008580 0.940461 2.084575 0.155637
c507 -0.042174 0.008960 6.368183 0.220547 0.155819
c508 -0.039091 0.009067 -0.919060 1.504470 0.156303
c509 -0.039313 0.009430 3.222059 -3.896355 0.156544
c510 -0.038683 0.008668 -0.087280 6.156541 0.156740
c511 -0.038738 0.012586 5.364872 3.416735 0.157376
c512 -0.037650 0.013279 1.077108 0.761907 0.157579
c513 -0.037303 0.013525 -2.409782 1.106536 0.157901
c514 -0.038045 0.013865 1.173926 -2.004245 0.158209
c515 -0.037899 0.013616 1.925522 1.950480 0.158333
c516 -0.035998 0.015540 3.468076 -3.465341 0.159320
c517 -0.033954 0.013497 -2.475512 1.046879 0.159910
c518 -0.038301 0.015336 2.193508 -0.301955 0.161666
c519 -0.037541 0.015231 -0.144340 1.014784 0.162013
c520 -0.037691 0.016288 0.551539 3.514710 0.163054
c521 -0.037601 0.016861 -2.864548 15.728922 0.163217
c522 -0.038021 0.019165 0.330702 9.953201 0.163364
c523 -0.037983 0.020305 -1.066911 9.038117 0.163479
c524 -0.038105 0.021336 0.809068 2.272090 0.163593
c525 -0.037982 0.021680 -2.275648 -3.233453 0.163744
c526 -0.038761 0.020573 -0.033059 2.127197 0.164086
c527 -0.038783 0.021977 -1.817769 -1.259323 0.164746
c528 -0.039610 0.019911 -0.505428 -6.322890 0.165867
c529 -0.039830 0.017154 4.159564 -4.489627 0.166303
c530 -0.034718 0.011636 -1.610957 3.719633 0.167532
c531 -0.034832 0.011901 -4.346256 2.852717 0.167603
c532 -0.037941 0.013941 -0.742468 4.356351 0.168318
c533 -0.038015 0.014378 1.418499 5.021618 0.168419
c534 -0.038006 0.014412 1.122420 0.555520 0.168425
c535 -0.037933 0.014448 3.004979 -0.720853 0.168491
c536 -0.037252 0.014285 4.489497 -0.140678 0.168717
c537 -0.035404 0.014227 8.488423 -0.234774 0.169129
c538 -0.032396 0.014144 6.360130 -2.197567 0.169483
c539 -0.030587 0.013519 1.665067 0.722217 0.169767
c540 -0.030575 0.013523 -1.256348 6.218831 0.169774
c541 -0.030746 0.014369 0.192662 2.960513 0.169910
c542 -0.030720 0.014766 10.783164 10.358877 0.170044
c543 -0.024549 0.020695 8.830306 8.107890 0.170617
c544 -0.024353 0.020874 5.497650 4.196417 0.170639
c545 -0.024306 0.020911 7.530535 -1.893858 0.170647
c546 -0.023714 0.020762 2.234564 -4.563694 0.170726
c547 -0.023295 0.019906 2.251670 -1.387975 0.170913
c548 -0.023023 0.019739 1.905350 -2.640269 0.171034
c549 -0.022689 0.019275 -1.877745 -1.797969 0.171210
c550 -0.023066 0.018914 7.141322 -3.078570 0.171411
c551 -0.022568 0.018699 -0.525151 -5.856285 0.171480
c552 -0.022879 0.015223 2.492806 -6.100744 0.172074
c553 -0.022164 0.013472 0.094159 -3.523432 0.172361
c554 -0.022161 0.013387 0.533425 0.644503 0.172385
c555 -0.021707 0.013936 -1.858877 -0.803911 0.173238
c556 -0.022592 0.013553 1.552543 4.073189 0.173714
c557 -0.022110 0.014820 5.041610 -0.075005 0.174025
c558 -0.021347 0.014808 5.666588 -7.792600 0.174176
c559 -0.020433 0.013551 3.859438 -3.494202 0.174338
c560 -0.019492 0.012699 0.396935 0.226784 0.174581
c561 -0.019321 0.012797 2.780941 -0.669585 0.175013
c562 -0.018479 0.012594 0.945821 4.709918 0.175315
c563 -0.016583 0.022036 3.318054 5.569726 0.177320
c564 -0.015846 0.023273 0.759849 9.605377 0.177542
c565 -0.015518 0.027416 5.007498 2.505798 0.177974
c566 -0.013679 0.028337 2.039427 -4.090963 0.178341
c567 -0.013587 0.028152 6.345523 0.724128 0.178386
c568 -0.011262 0.028418 3.437090 2.143856 0.178752
c569 -0.009246 0.029675 -2.130032 2.085928 0.179339
c570 -0.009299 0.029727 -3.842403 4.691795 0.179364
c571 -0.010028 0.030618 -2.133956 13.598420 0.179553
c572 -0.010072 0.030895 -0.093760 3.139502 0.179574
c573 -0.010110 0.032170 0.893630 -3.000645 0.179980
c574 -0.009544 0.030269 4.090432 -1.932445 0.180614
c575 -0.008660 0.029851 6.078923 2.386484 0.180830
c576 -0.006618 0.030653 5.558160 4.095675 0.181166
c577 -0.006462 0.030768 3.322230 8.624135 0.181194
c578 -0.006165 0.031539 3.782244 0.969697 0.181283
c579 -0.005826 0.031626 1.855207 -0.783621 0.181373
c580 -0.005553 0.031511 -1.890647 -0.153699 0.181520
c581 -0.005628 0.031505 0.583924 5.271431 0.181559
c582 -0.005627 0.031518 -2.373866 0.501939 0.181562
c583 -0.006951 0.031798 -1.000827 -5.181713 0.182119
c584 -0.007152 0.030759 -5.285710 3.468010 0.182320
c585 -0.009798 0.032495 -0.275685 -0.138672 0.182821
c586 -0.010020 0.032384 6.375797 0.418085 0.183624
c587 -0.009721 0.032403 5.863213 3.916617 0.183671
c588 -0.009675 0.032435 0.302234 9.135564 0.183679
c589 -0.009660 0.032883 6.939648 3.307354 0.183728
c590 -0.008201 0.033578 3.503797 2.287660 0.183939
c591 -0.008152 0.033611 1.541679 2.335743 0.183953
c592 -0.008083 0.033716 3.780444 4.478892 0.183998
c593 -0.007502 0.034403 -2.700854 0.788279 0.184151
c594 -0.010191 0.035188 -3.667594 1.145893 0.185147
c595 -0.011022 0.035448 -0.408026 1.181396 0.185373
c596 -0.011220 0.036020 -0.875398 1.324484 0.185858
c597 -0.011515 0.036467 -1.948328 -2.715590 0.186195
c598 -0.011928 0.035892 1.692977 -3.337843 0.186407
c599 -0.011318 0.034688 1.225339 -3.404587 0.186767
c600 -0.011067 0.033992 6.990330 2.182021 0.186972
c601 -0.010718 0.034100 4.389282 1.330413 0.187022
c602 -0.010570 0.034145 2.582595 -1.082603 0.187056
c603 -0.010543 0.034134 0.207379 -4.257170 0.187066
c604 -0.010538 0.034046 -1.031288 -1.438842 0.187087
c605 -0.010864 0.033592 0.988202 7.033390 0.187402
c606 -0.010806 0.033999 5.990989 5.721558 0.187460
c607 -0.010224 0.034556 2.773049 -1.467601 0.187557
c608 -0.009470 0.034157 -1.187948 -5.164847 0.187829
c609 -0.009664 0.033311 0.815606 -7.855349 0.187993
c610 -0.009659 0.033258 -3.232604 -2.885838 0.188000
c611 -0.009707 0.033214 -4.624312 1.437032 0.188015
c612 -0.009771 0.033234 -3.570880 -0.111314 0.188029
c613 -0.010103 0.033224 -3.365662 -5.863065 0.188122
c614 -0.012113 0.029721 -0.091410 -5.633590 0.188719
c615 -0.012166 0.026463 -1.260552 -9.779280 0.189297
c616 -0.012364 0.024927 1.367666 -1.346860 0.189454
c617 -0.012305 0.024868 0.659186 2.693332 0.189498
c618 -0.012022 0.026022 5.144030 0.656665 0.189926
c619 -0.011519 0.026086 4.140396 -0.393639 0.190024
c620 -0.010586 0.025998 2.555611 -3.010497 0.190250
c621 -0.009738 0.024999 5.296607 -0.650356 0.190582
c622 -0.006845 0.024643 -2.959052 -1.173305 0.191128
c623 -0.007389 0.024428 -4.139028 -0.089910 0.191311
c624 -0.009440 0.024383 0.162741 -1.258023 0.191807
c625 -0.009407 0.024124 -4.689197 -1.782466 0.192013
c626 -0.010376 0.023756 -5.042586 -0.788710 0.192220
c627 -0.011770 0.023538 -5.333441 1.336557 0.192496
c628 -0.014359 0.024187 1.044653 0.681614 0.192981
c629 -0.014331 0.024205 -1.367987 -1.973898 0.193008
c630 -0.014565 0.023868 7.404872 6.278269 0.193178
c631 -0.012064 0.025988 6.029300 5.620704 0.193516
c632 -0.010990 0.026989 0.543415 8.642555 0.193694
c633 -0.010494 0.034876 6.701571 4.791742 0.194607
c634 -0.008761 0.036115 3.325623 -0.011817 0.194865
c635 -0.007346 0.036110 6.341549 4.273023 0.195291
c636 -0.007225 0.036192 11.511256 -7.321495 0.195310
c637 -0.002145 0.032961 3.556986 2.341227 0.195751
c638 -0.001863 0.033146 0.134782 0.934565 0.195831
c639 -0.001826 0.033405 -0.051800 -7.002788 0.196108
c640 -0.001851 0.029922 -3.504195 -5.882449 0.196605
c641 -0.003421 0.027286 5.500864 -8.510161 0.197053
c642 -0.003093 0.026779 5.326571 -9.449734 0.197113
c643 -0.002467 0.025668 -2.090904 -2.231836 0.197230
c644 -0.002611 0.025515 -2.500211 -3.549768 0.197299
c645 -0.002850 0.025175 4.641249 -3.952139 0.197395
c646 -0.002346 0.024746 2.031851 -5.507489 0.197503
c647 -0.001542 0.022568 1.847331 -2.108202 0.197899
c648 -0.001500 0.022520 0.137743 -4.197231 0.197922
c649 -0.001486 0.022081 4.309174 -1.971308 0.198026
c650 0.001074 0.020910 3.472433 -3.318986 0.198620
c651 0.003506 0.018585 3.532199 -7.501431 0.199321
c652 0.003659 0.018260 0.092016 -6.597681 0.199364
c653 0.003734 0.012885 4.094734 -3.611142 0.200179
c654 0.004757 0.011983 3.179817 -0.050050 0.200428
c655 0.005176 0.011976 1.682563 -2.200805 0.200560
c656 0.005647 0.011360 1.415727 -3.587008 0.200840
c657 0.005881 0.010767 -4.002422 0.877356 0.201006
c658 0.004877 0.010987 1.064602 -2.179999 0.201257
c659 0.005244 0.010236 5.280577 -9.371077 0.201601
c660 0.005516 0.009754 4.115489 -4.995304 0.201653
c661 0.006126 0.009013 1.301389 -0.665176 0.201801
c662 0.007591 0.008264 5.934336 -0.390509 0.202926
c663 0.010476 0.008074 3.742555 2.498778 0.203413
c664 0.010796 0.008288 7.427408 0.429499 0.203498
c665 0.013341 0.008435 3.786681 2.022687 0.203841
c666 0.014428 0.009016 5.331304 0.307746 0.204128
c667 0.014684 0.009031 1.239159 1.191974 0.204176
c668 0.015163 0.009492 3.924417 3.072582 0.204563
c669 0.018891 0.012411 3.235533 5.931734 0.205513
c670 0.019964 0.014378 -3.756287 4.816772 0.205844
c671 0.018749 0.015936 -5.127716 0.352004 0.206168
c672 0.018409 0.015960 -5.354475 -1.246337 0.206234
c673 0.012996 0.014700 -1.605921 -1.584110 0.207245
c674 0.012877 0.014582 2.258329 4.740451 0.207319
c675 0.013066 0.014979 -4.659508 3.188959 0.207403
c676 0.012093 0.015644 -5.146847 7.342242 0.207612
c677 0.010893 0.017357 -3.259297 7.995424 0.207845
c678 0.010269 0.018886 -3.824657 3.706534 0.208036
c679 0.009691 0.019446 -4.572290 1.218729 0.208187
c680 0.008330 0.019809 -0.532020 0.274917 0.208485
c681 0.008324 0.019812 -1.899690 5.299400 0.208497
c682 0.007745 0.021426 -2.329932 1.332941 0.208801
c683 0.006865 0.021930 -0.132329 -3.381416 0.209179
c684 0.006834 0.021147 10.219971 -1.466000 0.209410
c685 0.008663 0.020884 5.086016 1.626660 0.209589
c686 0.009452 0.021137 4.931661 0.244841 0.209745
c687 0.015245 0.021424 -3.319914 -2.426385 0.210919
c688 0.015111 0.021326 -2.383022 2.611657 0.210960
c689 0.014199 0.022324 3.154601 4.098210 0.211342
