c1 0.000000 0.000000 1.705182 -1.284413 0.000071
c2 0.000044 -0.000033 1.198043 -0.683854 0.000096
c3 0.000068 -0.000047 -3.228313 4.219345 0.000117
c4 -0.000163 0.000255 -6.732020 0.388592 0.000188
c5 -0.000211 0.000258 -0.082425 3.303521 0.000195
c6 -0.000213 0.000330 5.183657 1.392498 0.000217
c7 -0.000138 0.000350 5.546864 5.427248 0.000231
c8 0.000396 0.000872 3.848512 -1.583247 0.000328
c9 0.001546 0.000398 4.571494 -0.274123 0.000627
c10 0.001892 0.000378 7.243694 2.233355 0.000702
c11 0.002105 0.000443 5.263774 0.997636 0.000732
c12 0.002296 0.000479 7.256899 -0.643905 0.000768
c13 0.002381 0.000472 5.763756 -3.030678 0.000780
c14 0.003873 -0.000312 5.438770 -1.161164 0.001038
c15 0.004370 -0.000419 3.301419 -3.732753 0.001130
c16 0.004938 -0.001060 -1.330689 -2.881879 0.001302
c17 0.004845 -0.001260 1.151199 -5.313459 0.001371
c18 0.005047 -0.002194 -2.492924 -6.951672 0.001547
c19 0.004918 -0.002556 1.567522 0.353867 0.001599
c20 0.005129 -0.002508 2.731233 1.217028 0.001734
c21 0.005414 -0.002381 2.967839 7.397630 0.001838
c22 0.006222 -0.000366 1.824630 6.442023 0.002111
c23 0.007892 0.005530 -4.770308 0.855438 0.003026
c24 0.004623 0.006117 -1.356337 4.055250 0.003711
c25 0.002220 0.013303 3.479076 0.762822 0.005483
c26 0.003138 0.013505 3.671701 -1.256393 0.005747
c27 0.003295 0.013451 -3.260292 -0.443473 0.005790
c28 0.001227 0.013170 -1.139873 -9.704879 0.006425
c29 0.001200 0.012942 -7.384757 -11.159421 0.006448
c30 0.001073 0.012750 -4.990678 -1.727003 0.006465
c31 0.000615 0.012592 3.703793 3.381495 0.006557
c32 0.002180 0.014020 5.926536 3.232070 0.006979
c33 0.003342 0.014654 -0.774634 1.267285 0.007175
c34 0.003326 0.014680 0.664470 -2.557145 0.007196
c35 0.004071 0.011813 3.463158 3.239619 0.008318
c36 0.004868 0.012559 3.068167 -0.146738 0.008548
c37 0.005636 0.012522 -0.657741 -2.264611 0.008798
c38 0.005538 0.012185 2.542477 -1.126238 0.008947
c39 0.005840 0.012051 2.207637 -2.037057 0.009066
c40 0.005889 0.012006 0.199353 1.002339 0.009088
c41 0.005927 0.012201 0.161514 0.899881 0.009282
c42 0.005949 0.012319 4.286253 2.057030 0.009413
c43 0.006002 0.012344 3.887076 0.979148 0.009425
c44 0.007387 0.012693 3.661103 1.597859 0.009781
c45 0.008211 0.013053 -2.927029 4.712606 0.010006
c46 0.008178 0.013106 -1.912908 1.238933 0.010018
c47 0.007262 0.013699 5.954507 2.140093 0.010496
c48 0.007774 0.013883 0.621413 -1.133386 0.010582
c49 0.008025 0.013424 -3.961665 -0.464020 0.010987
c50 0.007440 0.013356 -2.753497 7.316450 0.011135
c51 0.006079 0.016974 -0.275604 0.783710 0.011629
c52 0.005842 0.017647 -3.871220 0.729352 0.012488
c53 0.004378 0.017923 -2.906808 -6.991497 0.012866
c54 0.003657 0.016190 -3.915880 -7.069322 0.013114
c55 0.002732 0.014520 -1.764845 -1.545896 0.013351
c56 0.002700 0.014491 1.686908 -0.842259 0.013369
c57 0.002837 0.014423 4.711462 -2.866760 0.013450
c58 0.003079 0.014275 2.214936 -2.350495 0.013502
c59 0.003662 0.013656 1.096512 2.509543 0.013765
c60 0.003716 0.013779 2.707225 -4.098589 0.013814
c61 0.005926 0.010433 7.722926 -0.793870 0.014631
c62 0.006751 0.010348 2.780974 -0.808639 0.014737
c63 0.007532 0.010121 -2.040157 4.455628 0.015018
c64 0.005373 0.014836 -2.517283 3.981483 0.016077
c65 0.005227 0.015068 -0.877809 -3.204139 0.016135
c66 0.005152 0.014795 -0.882264 -0.933177 0.016220
c67 0.005086 0.014725 6.362135 2.491625 0.016295
c68 0.005938 0.015058 3.758859 6.059131 0.016429
c69 0.006914 0.016632 -3.044672 7.771216 0.016688
c70 0.006410 0.017918 -2.428590 3.855664 0.016854
c71 0.002875 0.023530 -0.504680 4.399157 0.018309
c72 0.002778 0.024374 9.630942 5.252639 0.018501
c73 0.002857 0.024416 3.667063 5.511184 0.018509
c74 0.004619 0.027066 -4.587337 6.589180 0.018990
c75 0.003528 0.028634 -3.154709 6.225772 0.019228
c76 0.003261 0.029160 -4.457202 0.910586 0.019313
c77 0.002744 0.029266 -2.795763 -2.826978 0.019428
c78 0.002514 0.029033 -3.809166 -4.538635 0.019511
c79 0.000646 0.026808 1.457241 -4.036616 0.020001
c80 0.001117 0.025503 -2.422054 -4.986678 0.020324
c81 0.001060 0.025385 -4.599122 -7.192506 0.020348
c82 -0.004136 0.017259 1.503850 -2.723385 0.021478
c83 -0.003533 0.016166 2.691640 5.075410 0.021879
c84 -0.003309 0.016588 -2.115438 0.041024 0.021962
c85 -0.003543 0.016593 -1.437515 -2.633624 0.022073
c86 -0.004264 0.015272 -5.587483 -9.855670 0.022575
c87 -0.004510 0.014838 -7.603921 0.748999 0.022619
c88 -0.005760 0.014961 -5.158668 -2.429690 0.022783
c89 -0.007417 0.014181 2.890438 2.408938 0.023104
c90 -0.006342 0.015076 -3.537564 6.168692 0.023476
c91 -0.007826 0.017663 -4.038804 5.932034 0.023895
c92 -0.007993 0.017909 -3.413708 2.357522 0.023937
c93 -0.009370 0.018860 -2.640001 6.622130 0.024340
c94 -0.011621 0.024506 -0.619382 5.281983 0.025193
c95 -0.012263 0.029985 6.053534 -0.705455 0.026230
c96 -0.008194 0.029511 11.533975 -1.981435 0.026902
c97 -0.007329 0.029363 5.389584 -6.552456 0.026977
c98 -0.004290 0.025668 0.373094 3.972271 0.027541
c99 -0.004084 0.027865 0.765907 5.985827 0.028094
c100 -0.003791 0.030158 -1.127750 -2.563181 0.028477
c101 -0.003856 0.030010 -0.823321 1.343910 0.028535
c102 -0.004060 0.030344 -0.673783 2.152674 0.028783
c103 -0.004081 0.030410 -6.024474 -1.901626 0.028814
c104 -0.004173 0.030381 -5.720939 -0.270639 0.028829
c105 -0.006235 0.030283 -1.726443 -2.174340 0.029190
c106 -0.006498 0.029952 -5.209130 2.050357 0.029342
c107 -0.013979 0.032896 -1.908621 4.212172 0.030778
c108 -0.014311 0.033629 -1.877976 3.061799 0.030952
c109 -0.014620 0.034133 5.887979 3.813051 0.031117
c110 -0.010406 0.036862 -1.092612 -2.957176 0.031833
c111 -0.010501 0.036606 1.269342 -5.170770 0.031919
c112 -0.009948 0.034354 -0.203669 -5.657363 0.032355
c113 -0.010046 0.031618 0.386126 -3.432432 0.032839
c114 -0.009960 0.030854 -4.895007 -3.885127 0.033061
c115 -0.012476 0.028857 -1.771665 0.517627 0.033575
c116 -0.012486 0.028860 -0.882679 5.164660 0.033581
c117 -0.012967 0.031672 -4.269418 -2.198396 0.034125
c118 -0.014099 0.031089 -0.743734 -2.143369 0.034391
c119 -0.014215 0.030756 -0.471562 -3.057532 0.034546
c120 -0.014409 0.029496 -4.790967 -6.526025 0.034958
c121 -0.016286 0.026939 -6.427063 -6.675013 0.035350
c122 -0.016488 0.026729 -2.036289 2.609692 0.035381
c123 -0.016516 0.026766 2.505087 1.470497 0.035395
c124 -0.016481 0.026786 -0.524602 0.982883 0.035409
c125 -0.016598 0.027007 -3.894767 2.789405 0.035634
c126 -0.017561 0.027696 -4.594524 2.214912 0.035881
c127 -0.017649 0.027739 2.049333 -2.929479 0.035900
c128 -0.017122 0.026985 1.167102 -7.416587 0.036157
c129 -0.015542 0.016946 8.146426 -5.361550 0.037511
c130 -0.013641 0.015695 1.815591 0.302992 0.037744
c131 -0.013326 0.015748 3.062427 3.160595 0.037917
c132 -0.012992 0.016093 2.860717 -0.720631 0.038027
c133 -0.011588 0.015739 -5.286191 -3.911237 0.038517
c134 -0.012463 0.015092 -2.965721 -2.125852 0.038683
c135 -0.012845 0.014818 -2.109014 -4.040172 0.038812
c136 -0.013198 0.014141 -0.697049 0.713815 0.038979
c137 -0.013719 0.014674 -0.301863 -0.277118 0.039726
c138 -0.013755 0.014640 -2.731782 4.594806 0.039847
c139 -0.014655 0.016154 -2.978611 5.178249 0.040176
c140 -0.016014 0.018516 -2.627951 4.573446 0.040633
c141 -0.016424 0.019229 -2.718013 5.916834 0.040789
c142 -0.016589 0.019588 -6.750990 4.574771 0.040849
c143 -0.016813 0.019740 0.689006 0.558888 0.040882
c144 -0.016811 0.019741 -0.082430 4.502659 0.040885
c145 -0.016815 0.019943 -6.245855 0.296847 0.040929
c146 -0.017434 0.019972 -9.685101 1.636435 0.041029
c147 -0.018110 0.020086 -6.748404 -4.244898 0.041098
c148 -0.019370 0.019294 -7.763618 0.408782 0.041285
c149 -0.020873 0.019373 1.206763 -2.526988 0.041479
c150 -0.020569 0.018736 5.577615 3.937426 0.041731
c151 -0.019510 0.019484 2.340697 0.407000 0.041921
c152 -0.018652 0.019633 1.508322 3.538717 0.042287
c153 -0.017751 0.021747 -0.324872 8.799482 0.042885
c154 -0.017826 0.023774 -1.513565 8.065377 0.043115
c155 -0.018073 0.025090 0.358498 2.356905 0.043278
c156 -0.017991 0.025629 1.445698 -1.788344 0.043507
c157 -0.017219 0.024674 -1.992863 -1.947275 0.044041
c158 -0.018902 0.023029 -2.624601 -4.061846 0.044886
c159 -0.019541 0.022040 0.984689 1.756904 0.045129
c160 -0.019227 0.022600 1.599872 1.652762 0.045448
c161 -0.019169 0.022660 1.189430 -10.454214 0.045485
c162 -0.018591 0.017579 4.329431 -8.569700 0.045971
c163 -0.014967 0.010407 2.273917 -1.495768 0.046808
c164 -0.014939 0.010389 -1.318285 0.681604 0.046820
c165 -0.015153 0.010499 -8.239380 -1.715154 0.046982
c166 -0.018577 0.009786 -2.323295 -2.697601 0.047398
c167 -0.020533 0.007516 1.657794 -1.254480 0.048239
c168 -0.020131 0.007212 -1.761014 -3.950088 0.048482
c169 -0.020532 0.006313 -1.334677 1.458287 0.048709
c170 -0.020918 0.006736 2.074876 1.742832 0.048999
c171 -0.019650 0.007801 0.462485 4.659128 0.049610
c172 -0.019524 0.009069 -1.423747 -1.874409 0.049882
c173 -0.020112 0.008295 -2.852988 4.793133 0.050295
c174 -0.021671 0.010915 -3.863657 0.069503 0.050841
c175 -0.026266 0.010998 -3.940440 -3.020325 0.052030
c176 -0.026437 0.010867 -1.492961 -2.380642 0.052074
c177 -0.026472 0.010812 -0.675840 2.536446 0.052097
c178 -0.026534 0.011046 0.801418 1.282386 0.052189
c179 -0.026528 0.011055 0.319944 3.886485 0.052197
c180 -0.026477 0.011683 3.331988 -2.540469 0.052358
c181 -0.025051 0.010597 8.378090 -3.853922 0.052786
c182 -0.021644 0.009029 2.796929 -1.052800 0.053193
c183 -0.021314 0.008905 2.961522 4.058705 0.053311
c184 -0.020604 0.009879 3.582616 -1.061805 0.053550
c185 -0.020091 0.009726 5.787282 1.701432 0.053694
c186 -0.018027 0.010333 0.912498 3.678909 0.054050
c187 -0.017434 0.012724 2.167212 6.736490 0.054700
c188 -0.016821 0.014630 2.812493 9.842336 0.054983
c189 -0.015177 0.020385 -0.001999 5.129680 0.055568
c190 -0.015177 0.021808 2.868987 5.975867 0.055845
c191 -0.014982 0.022216 -5.465115 5.114248 0.055914
c192 -0.016075 0.023239 -6.828906 6.764471 0.056114
c193 -0.022491 0.029595 -7.180857 1.310255 0.057053
c194 -0.023127 0.029711 -5.060505 -4.173389 0.057142
c195 -0.024728 0.028390 -0.733737 -3.309734 0.057458
c196 -0.025126 0.026596 -3.431867 -1.574389 0.058000
c197 -0.026206 0.026101 -4.314940 -6.064151 0.058315
c198 -0.026491 0.025699 -7.340577 -2.638458 0.058381
c199 -0.029318 0.024683 -8.068229 -1.784303 0.058766
c200 -0.033618 0.023732 -0.730990 -4.496375 0.059299
c201 -0.033829 0.022435 -2.599152 -3.070528 0.059587
c202 -0.034223 0.021970 4.151943 -6.421490 0.059739
c203 -0.033368 0.020648 1.844484 -9.939435 0.059945
c204 -0.033270 0.020122 0.649209 -8.964381 0.059998
c205 -0.032889 0.014858 -5.419172 -5.488588 0.060585
c206 -0.033146 0.014598 -4.043184 -1.443012 0.060632
c207 -0.033932 0.014317 1.407542 -0.073745 0.060827
c208 -0.033715 0.014306 0.441484 -3.290879 0.060981
c209 -0.033657 0.013875 -1.446626 -1.149185 0.061112
c210 -0.033741 0.013808 -5.386392 -2.280434 0.061171
c211 -0.034535 0.013472 -2.595613 -1.226918 0.061318
c212 -0.035033 0.013236 1.988704 -3.491677 0.061510
c213 -0.034230 0.011826 6.014393 1.543035 0.061914
c214 -0.032060 0.012383 3.644083 -8.815735 0.062274
c215 -0.028856 0.004632 -1.972754 -6.881211 0.063154
c216 -0.028950 0.004305 2.916631 -7.859038 0.063201
c217 -0.028852 0.004040 5.226393 -5.748415 0.063235
c218 -0.025093 -0.000094 1.595875 -4.201345 0.063954
c219 -0.023598 -0.004030 -0.944244 5.798657 0.064891
c220 -0.023754 -0.003070 1.716747 -6.509121 0.065056
c221 -0.023157 -0.005335 0.129059 -0.984212 0.065405
c222 -0.023102 -0.005754 -4.093061 3.968637 0.065830
c223 -0.025653 -0.003280 2.012153 -2.562585 0.066453
c224 -0.025033 -0.004070 -1.847221 -3.096358 0.066761
c225 -0.025412 -0.004705 -6.550705 -3.910883 0.066966
c226 -0.026712 -0.005482 -0.976608 -2.044073 0.067165
c227 -0.027964 -0.008101 1.538655 1.336772 0.068446
c228 -0.027892 -0.008038 -3.196278 4.196045 0.068493
c229 -0.028359 -0.007425 -0.895481 -0.748783 0.068639
c230 -0.028836 -0.007824 -0.680875 2.205047 0.069172
c231 -0.028905 -0.007601 -2.847071 -9.044213 0.069273
c232 -0.029125 -0.008300 -3.295829 -6.255212 0.069350
c233 -0.029333 -0.008693 -2.844037 -3.764901 0.069413
c234 -0.029398 -0.008781 -2.899356 -3.738176 0.069436
c235 -0.030204 -0.009820 -2.069147 0.855923 0.069714
c236 -0.031183 -0.009415 3.622480 -6.583840 0.070187
c237 -0.031022 -0.009708 8.102350 -8.649341 0.070232
c238 -0.029701 -0.011119 4.794580 -0.779325 0.070395
c239 -0.027229 -0.011521 0.545377 0.354375 0.070911
c240 -0.027103 -0.011439 0.728642 1.812647 0.071142
c241 -0.026766 -0.010600 2.447183 -3.988706 0.071604
c242 -0.026529 -0.010985 10.006217 -4.789679 0.071701
c243 -0.025274 -0.011586 10.140028 -4.541969 0.071826
c244 -0.024330 -0.012009 3.662138 -1.635707 0.071919
c245 -0.023098 -0.012559 3.998932 1.879955 0.072256
c246 -0.016696 -0.009549 3.121656 -3.471466 0.073857
c247 -0.016257 -0.010037 5.788951 0.315386 0.073998
c248 -0.014395 -0.009936 3.548828 -3.829268 0.074319
c249 -0.012586 -0.011888 -4.852100 -4.745584 0.074829
c250 -0.012801 -0.012098 0.896477 -8.538753 0.074873
c251 -0.012216 -0.017673 5.670502 -2.501602 0.075526
c252 -0.010295 -0.018521 1.041113 -3.196581 0.075865
c253 -0.010285 -0.018553 -1.181972 -7.401486 0.075875
c254 -0.010524 -0.020052 2.445894 -5.250765 0.076077
c255 -0.010342 -0.020443 -0.644337 -12.148672 0.076152
c256 -0.010453 -0.022532 7.226038 -5.789668 0.076324
c257 -0.006361 -0.025811 7.397240 -2.468231 0.076890
c258 -0.005105 -0.026230 4.281203 0.545891 0.077060
c259 -0.003780 -0.026061 0.883916 -3.358428 0.077370
c260 -0.003580 -0.026817 2.396108 0.845655 0.077595
c261 -0.001847 -0.026206 8.494059 6.700863 0.078318
c262 0.000523 -0.024335 3.372045 8.133404 0.078597
c263 0.003066 -0.018204 8.905398 2.729171 0.079351
c264 0.003220 -0.018156 2.126868 -0.867993 0.079369
c265 0.004857 -0.018824 4.176874 -1.395800 0.080138
c266 0.006352 -0.019324 6.502146 1.063892 0.080496
c267 0.008788 -0.018925 11.707567 0.248702 0.080871
c268 0.016783 -0.018755 4.490220 -0.052405 0.081553
c269 0.017082 -0.018759 4.020478 -3.584701 0.081620
c270 0.017830 -0.019426 1.701604 -0.610757 0.081806
c271 0.017995 -0.019485 0.673442 -0.345524 0.081903
c272 0.018324 -0.019654 1.687801 -2.156828 0.082391
c273 0.018624 -0.020038 4.139645 2.158509 0.082569
c274 0.021373 -0.018605 0.768325 -1.500372 0.083233
c275 0.022238 -0.020294 -0.541021 -0.089541 0.084359
c276 0.022143 -0.020309 -0.347652 -2.269231 0.084535
c277 0.021894 -0.021933 -1.277665 -4.532665 0.085250
c278 0.021558 -0.023125 9.569649 6.349358 0.085513
c279 0.023009 -0.022162 8.209958 7.922634 0.085665
c280 0.023106 -0.022069 5.286753 4.368473 0.085677
c281 0.023491 -0.021751 7.453398 -1.712817 0.085749
c282 0.025481 -0.022208 1.317198 0.742052 0.086016
c283 0.025556 -0.022165 -2.558012 1.172941 0.086074
c284 0.025038 -0.021928 0.764967 0.944506 0.086276
c285 0.025349 -0.021543 0.472248 -0.591902 0.086684
c286 0.025403 -0.021611 -3.618022 -0.118354 0.086798
c287 0.024809 -0.021630 -1.205331 -2.951791 0.086963
c288 0.024736 -0.021810 -2.052452 1.286947 0.087024
c289 0.024249 -0.021505 -6.165520 -1.061223 0.087261
c290 0.020771 -0.022104 -2.392240 -2.251648 0.087825
c291 0.020187 -0.022654 -3.041294 -6.218772 0.088069
c292 0.019959 -0.023120 -6.848508 -0.752842 0.088144
c293 0.018270 -0.023306 -7.680983 -2.205880 0.088391
c294 0.012667 -0.024915 -10.074471 2.750124 0.089120
c295 0.010388 -0.024293 -4.611580 4.070166 0.089346
c296 0.009283 -0.023318 -0.018505 7.616395 0.089586
c297 0.009281 -0.022456 -6.485808 4.580131 0.089699
c298 0.008562 -0.021948 -3.487062 3.671069 0.089810
c299 0.007616 -0.020952 -4.880094 4.867486 0.090081
c300 0.007389 -0.020726 -0.430458 0.481147 0.090128
c301 0.007358 -0.020691 -1.236990 1.291348 0.090201
c302 0.005024 -0.018254 -0.195513 4.389773 0.092088
c303 0.004897 -0.015403 1.699134 3.977675 0.092737
c304 0.006878 -0.010765 3.124914 5.417300 0.093903
c305 0.007132 -0.010324 -1.460383 -0.193414 0.093985
c306 0.007007 -0.010340 -1.454320 -0.381275 0.094071
c307 0.006975 -0.010349 -0.415956 0.820482 0.094092
c308 0.006969 -0.010335 4.274411 -1.439561 0.094108
c309 0.007950 -0.010666 6.007766 1.049004 0.094338
c310 0.011572 -0.010034 6.230223 1.887483 0.094941
c311 0.011701 -0.009994 -0.326938 1.111930 0.094961
c312 0.011699 -0.009988 0.405768 3.892361 0.094967
c313 0.012111 -0.006039 1.323803 -2.979970 0.095982
c314 0.012363 -0.006607 5.679610 -2.336599 0.096172
c315 0.015192 -0.007771 4.620349 -5.884595 0.096670
c316 0.019536 -0.013304 0.543144 -1.777750 0.097610
c317 0.019576 -0.013433 -1.871564 4.517695 0.097683
c318 0.018722 -0.011373 -6.266513 8.138897 0.098139
c319 0.018574 -0.011180 -1.438853 9.233045 0.098163
c320 0.017952 -0.007191 4.866063 5.850931 0.098595
c321 0.019415 -0.005433 5.360209 -4.579853 0.098895
c322 0.020780 -0.006599 1.208748 4.083613 0.099150
c323 0.021074 -0.005606 0.310987 7.693338 0.099393
c324 0.021117 -0.004530 -1.849431 7.708097 0.099533
c325 0.019839 0.000797 -4.576036 -0.427834 0.100224
c326 0.019772 0.000790 0.295641 -3.193174 0.100239
c327 0.019937 -0.000987 3.392287 3.392111 0.100796
c328 0.020185 -0.000738 7.662725 0.686338 0.100869
c329 0.021554 -0.000616 2.125537 4.158413 0.101047
c330 0.021900 0.000062 -5.494254 0.782132 0.101210
c331 0.021212 0.000160 -2.163008 -4.133091 0.101336
c332 0.021100 -0.000055 -4.252952 1.097793 0.101388
c333 0.020783 0.000027 0.730388 3.766293 0.101462
c334 0.020783 0.000030 3.659206 8.055091 0.101463
c335 0.020808 0.000084 -1.637390 11.220013 0.101470
c336 0.020466 0.002424 -3.705027 0.078811 0.101678
c337 0.020229 0.002429 0.244382 -0.275685 0.101742
c338 0.020270 0.002382 -1.167140 -2.725594 0.101913
c339 0.019887 0.001487 -0.318067 -4.604087 0.102242
c340 0.019707 -0.001125 1.764632 3.606297 0.102809
c341 0.020059 -0.000406 -1.614001 3.135820 0.103009
c342 0.019684 0.000322 -4.093476 -2.252197 0.103241
c343 0.019252 0.000084 -5.461314 -5.853648 0.103346
c344 0.017617 -0.001667 -1.762219 -5.753424 0.103646
c345 0.017568 -0.001829 -3.185541 -5.012136 0.103674
c346 0.017539 -0.001874 -1.484992 -5.930195 0.103683
c347 0.016740 -0.005068 5.703988 -4.049354 0.104221
c348 0.018495 -0.006314 3.745152 -4.020495 0.104529
c349 0.018906 -0.006755 -1.626727 1.360555 0.104639
c350 0.018452 -0.006376 -1.363825 2.097700 0.104918
c351 0.018239 -0.006048 -1.164055 -7.679797 0.105074
c352 0.018195 -0.006336 -0.344738 -4.047224 0.105112
c353 0.018120 -0.007211 0.156990 -1.007296 0.105328
c354 0.018154 -0.007425 4.329711 2.178614 0.105540
c355 0.020953 -0.006017 -4.159241 -1.411730 0.106187
c356 0.019994 -0.006342 -4.918980 2.461157 0.106417
c357 0.017778 -0.005234 -5.050670 5.586060 0.106868
c358 0.017403 -0.004819 -1.965568 7.181045 0.106942
c359 0.016566 -0.001762 2.917316 -1.922428 0.107368
c360 0.017906 -0.002645 -0.135957 -2.084564 0.107827
c361 0.017902 -0.002705 2.306264 4.475498 0.107856
c362 0.018100 -0.002320 -0.254746 5.085211 0.107942
c363 0.017922 0.001244 -5.562368 2.799478 0.108643
c364 0.011352 0.004551 -6.251957 4.094758 0.109824
c365 0.010361 0.005199 -8.030599 -1.130589 0.109983
c366 0.008033 0.004872 -8.581528 -0.726655 0.110273
c367 0.000477 0.004232 -5.887304 0.084107 0.111153
c368 -0.002695 0.004277 -5.933981 1.156938 0.111692
c369 -0.002999 0.004336 -1.999328 2.227963 0.111743
c370 -0.003443 0.004831 3.141870 3.212078 0.111965
c371 -0.003361 0.004915 9.388836 -0.413375 0.111991
c372 -0.002765 0.004889 4.590312 -0.185106 0.112055
c373 -0.001577 0.004841 -2.470746 -6.167645 0.112314
c374 -0.002030 0.003712 -2.668580 -3.577890 0.112497
c375 -0.004792 0.000009 8.401579 -3.199231 0.113532
c376 -0.004107 -0.000252 3.428028 -5.306472 0.113613
c377 0.000006 -0.006618 1.240204 -2.507933 0.114813
c378 0.000459 -0.007535 -2.774791 -2.317033 0.115179
c379 -0.001740 -0.009372 -2.511596 -4.410152 0.115971
c380 -0.002040 -0.009899 0.859247 -2.375787 0.116091
c381 -0.001993 -0.010030 2.302767 -0.182858 0.116146
c382 -0.001952 -0.010033 3.568513 3.655677 0.116163
c383 -0.001836 -0.009914 3.513696 -0.138097 0.116196
c384 -0.001519 -0.009926 2.194978 -4.414630 0.116286
c385 -0.001494 -0.009976 -3.440270 -7.457296 0.116297
c386 -0.001608 -0.010221 -0.611022 -10.175293 0.116330
c387 -0.001661 -0.011112 -0.044418 -7.238846 0.116418
c388 -0.001673 -0.013041 5.913615 -5.882117 0.116684
c389 -0.000090 -0.014616 12.669475 -0.135719 0.116952
c390 0.004592 -0.014666 7.334947 3.563725 0.117322
c391 0.006125 -0.013922 2.459822 2.030340 0.117531
c392 0.007326 -0.012930 1.820110 1.704301 0.118019
c393 0.007350 -0.012908 3.138862 -3.092385 0.118032
c394 0.008340 -0.013884 -0.701067 2.827030 0.118347
c395 0.008334 -0.013859 0.835798 -0.620866 0.118356
c396 0.008413 -0.013918 1.255749 2.228630 0.118451
c397 0.008673 -0.013456 0.649353 3.684946 0.118658
c398 0.008799 -0.012740 -1.690903 2.871145 0.118852
c399 0.008726 -0.012616 -0.717337 2.985377 0.118895
c400 0.008688 -0.012457 2.951846 2.581132 0.118949
c401 0.009370 -0.011861 3.070637 -1.210325 0.119180
c402 0.010173 -0.012177 2.121256 -3.585724 0.119441
c403 0.010642 -0.012970 -2.470207 -2.746513 0.119662
c404 0.008806 -0.015013 2.387368 4.619151 0.120406
c405 0.010468 -0.011795 2.719359 0.181435 0.121103
c406 0.011814 -0.011706 1.757195 3.325787 0.121597
c407 0.011992 -0.011367 -4.734233 -3.047447 0.121699
c408 0.011971 -0.011381 2.628952 -1.891444 0.121703
c409 0.013264 -0.012312 0.442760 -2.778306 0.122195
c410 0.013269 -0.012343 -2.955391 0.803445 0.122207
c411 0.011231 -0.011789 2.078146 7.117131 0.122896
c412 0.011483 -0.010927 -2.889630 4.600269 0.123017
c413 0.011375 -0.010755 4.814943 1.464056 0.123054
c414 0.016674 -0.009144 4.001402 2.165161 0.124155
c415 0.019209 -0.007773 2.254999 0.585372 0.124788
c416 0.019951 -0.007580 2.105699 0.482606 0.125118
c417 0.020771 -0.007392 -2.980741 -2.280893 0.125507
c418 0.020690 -0.007454 -0.272949 0.980805 0.125534
c419 0.020508 -0.006803 -4.401437 -2.412959 0.126198
c420 0.020293 -0.006922 -4.123139 1.191485 0.126247
c421 0.019880 -0.006802 -5.144409 1.408556 0.126347
c422 0.018009 -0.006290 -3.791383 2.680081 0.126711
c423 0.016626 -0.005312 -0.833202 -0.576941 0.127075
c424 0.016464 -0.005424 -0.729950 -1.490201 0.127269
c425 0.016135 -0.006097 -9.298403 -7.999103 0.127720
c426 0.012142 -0.009532 -3.123648 -12.402115 0.128150
c427 0.012079 -0.009781 2.532395 -7.587810 0.128170
c428 0.012166 -0.010040 6.353465 -6.474780 0.128204
c429 0.017698 -0.015678 8.805119 0.328082 0.129075
c430 0.018267 -0.015657 -0.219790 -2.620399 0.129139
c431 0.018196 -0.016505 -4.046093 1.411538 0.129463
c432 0.017324 -0.016201 -1.247764 -3.386133 0.129679
c433 0.017090 -0.016835 1.098738 0.011386 0.129866
c434 0.017664 -0.016829 -1.649028 -2.891736 0.130388
c435 0.015865 -0.019984 0.834226 0.184923 0.131479
c436 0.016614 -0.019818 2.458494 0.014764 0.132376
c437 0.016669 -0.019817 3.732057 1.985197 0.132399
c438 0.016991 -0.019646 4.277367 -4.050116 0.132485
c439 0.017245 -0.019887 4.379622 -4.723581 0.132544
c440 0.019206 -0.022002 4.024252 1.090950 0.132992
c441 0.023135 -0.020937 8.497418 -2.776614 0.133968
c442 0.024938 -0.021526 5.466768 -9.797695 0.134181
c443 0.025504 -0.022539 10.271973 -8.275299 0.134284
c444 0.026749 -0.023543 3.682266 -1.459461 0.134405
c445 0.027867 -0.023986 1.660357 9.512519 0.134709
c446 0.028404 -0.020911 7.731207 3.966020 0.135032
c447 0.029778 -0.020206 2.107814 13.791025 0.135210
c448 0.029994 -0.018787 3.249662 10.586147 0.135313
c449 0.030007 -0.018746 0.061223 -4.393428 0.135317
c450 0.030011 -0.019001 0.221362 -6.822536 0.135375
c451 0.030169 -0.023890 8.589840 -5.972157 0.136091
c452 0.030984 -0.024456 6.289175 -7.484465 0.136186
c453 0.031378 -0.024925 7.229368 -7.292429 0.136249
c454 0.032052 -0.025605 8.628331 3.112880 0.136342
c455 0.032137 -0.025574 8.161343 5.620946 0.136352
c456 0.036345 -0.022675 2.404476 2.540884 0.136867
c457 0.037598 -0.021351 4.294186 0.104324 0.137389
c458 0.039000 -0.021317 1.891162 -1.524412 0.137715
c459 0.039079 -0.021381 1.792429 -2.839415 0.137757
c460 0.039320 -0.021819 -2.842946 -3.297921 0.137922
c461 0.035409 -0.026357 -3.577041 -5.676703 0.139298
c462 0.034577 -0.027677 3.405082 -2.684050 0.139530
c463 0.033149 -0.026504 -6.409821 -0.231712 0.140284
c464 0.032723 -0.026519 2.688057 -1.141620 0.140351
c465 0.032992 -0.026633 0.120416 -4.301267 0.140451
c466 0.033005 -0.027127 -0.159977 3.245319 0.140566
c467 0.032927 -0.025536 -1.675181 10.848844 0.141056
c468 0.032917 -0.025471 -4.254362 7.977813 0.141062
c469 0.031595 -0.022992 0.307991 7.837474 0.141373
c470 0.031828 -0.017056 0.530809 4.630795 0.142130
c471 0.032162 -0.014142 -0.655629 -0.524315 0.142759
c472 0.031707 -0.014506 -2.525102 2.600764 0.143453
c473 0.028721 -0.011431 1.758337 6.221432 0.144636
c474 0.029693 -0.007993 3.087650 0.738334 0.145188
c475 0.029967 -0.007927 -2.909511 -1.141717 0.145277
c476 0.029018 -0.008300 0.024847 -8.165272 0.145604
c477 0.029024 -0.010333 11.184526 -1.533267 0.145853
c478 0.032704 -0.010837 4.175298 0.759317 0.146182
c479 0.036209 -0.010200 0.473310 0.916669 0.147021
c480 0.036235 -0.010150 -6.065936 -1.221735 0.147076
c481 0.030827 -0.011239 -4.339976 3.061454 0.147967
c482 0.022445 -0.005326 -1.906310 1.435796 0.149899
c483 0.022372 -0.005271 -3.133219 -1.094606 0.149937
c484 0.021833 -0.005460 0.768955 -1.489440 0.150109
c485 0.021863 -0.005519 3.852317 -1.072369 0.150149
c486 0.023952 -0.006101 6.909648 -0.916606 0.150691
c487 0.024911 -0.006228 0.644509 -1.170898 0.150830
c488 0.024955 -0.006309 2.303993 7.333533 0.150899
c489 0.028648 0.005446 -0.948305 2.589671 0.152502
c490 0.027791 0.007787 -3.924955 4.280182 0.153406
c491 0.027362 0.008255 -6.259788 4.034025 0.153515
c492 0.025633 0.009369 -1.278932 -0.019863 0.153791
c493 0.025510 0.009367 -5.987630 4.219514 0.153888
c494 0.023615 0.010702 -2.774957 1.793184 0.154204
c495 0.022925 0.011148 -0.365914 4.085095 0.154453
c496 0.022916 0.011241 4.293740 -0.932136 0.154476
c497 0.023757 0.011059 -3.707611 -4.014648 0.154671
c498 0.023227 0.010484 -6.173614 -3.957831 0.154814
c499 0.020284 0.008598 -2.112578 -3.758324 0.155291
c500 0.018990 0.006295 -2.037349 -1.540478 0.155904
c501 0.018828 0.006173 -2.473433 -9.222707 0.155983
c502 0.018556 0.005159 -2.482213 -7.620762 0.156093
c503 0.018416 0.004732 2.016433 -4.210163 0.156149
c504 0.018976 0.003563 -0.552248 -4.714841 0.156427
c505 0.018638 0.000675 -0.980369 -3.362099 0.157039
c506 0.018473 0.000110 1.251028 -8.320152 0.157207
c507 0.018526 -0.000241 0.089399 -9.688726 0.157250
c508 0.018550 -0.002828 -3.797889 -2.326558 0.157517
c509 0.017382 -0.003544 1.470841 -2.495996 0.157824
c510 0.017883 -0.004395 -0.256770 -1.182805 0.158165
c511 0.017832 -0.004632 1.772232 2.322130 0.158366
c512 0.018183 -0.004172 5.505061 2.828597 0.158564
c513 0.022001 -0.002210 -0.440874 1.347938 0.159258
c514 0.021689 -0.001257 -8.376690 5.868006 0.159965
c515 0.020174 -0.000196 -7.561119 -0.538548 0.160146
c516 0.015628 -0.000520 -2.750701 -3.628739 0.160747
c517 0.015587 -0.000575 -2.394864 -2.700161 0.160762
c518 0.014387 -0.001927 1.072411 -2.951735 0.161263
c519 0.014454 -0.002113 -0.501945 0.069686 0.161326
c520 0.014339 -0.002097 -1.411177 -3.831128 0.161556
c521 0.014113 -0.002711 -4.032439 -2.675836 0.161716
c522 0.013233 -0.003295 -3.312383 2.629804 0.161934
c523 0.011898 -0.002235 -0.511821 1.075421 0.162337
c524 0.011831 -0.002094 -0.420483 1.777314 0.162468
c525 0.011135 0.000849 -6.664032 1.683094 0.164124
c526 0.009810 0.001183 -7.066182 1.961184 0.164323
c527 0.008909 0.001434 -5.181298 5.040453 0.164451
c528 0.007693 0.002617 -5.496354 0.960372 0.164685
c529 0.002953 0.003445 -0.341331 -2.445182 0.165548
c530 0.002894 0.003020 4.876291 8.533020 0.165722
c531 0.003735 0.004493 3.856359 -0.129248 0.165894
c532 0.004136 0.004479 -1.601864 2.883216 0.165998
c533 0.003960 0.004795 1.007004 1.412696 0.166108
c534 0.004294 0.005264 2.317295 2.368276 0.166439
c535 0.005092 0.006079 -2.521092 -1.845009 0.166784
c536 0.004540 0.005675 2.532584 2.219523 0.167002
c537 0.004994 0.006073 2.230177 -2.687947 0.167182
c538 0.005548 0.005405 0.624993 2.691108 0.167430
c539 0.005751 0.006279 0.335767 -0.321223 0.167755
c540 0.006055 0.005989 6.915650 -1.315209 0.168658
c541 0.006666 0.005872 10.501150 1.271939 0.168747
c542 0.007972 0.006031 4.160229 4.762374 0.168871
c543 0.010650 0.009096 -1.061741 6.595024 0.169515
c544 0.010323 0.011130 -2.308717 3.280569 0.169823
c545 0.010239 0.011249 -4.020877 -1.391571 0.169859
c546 0.009402 0.010959 -3.418006 1.596969 0.170068
c547 0.009149 0.011077 -1.564268 1.033382 0.170141
c548 0.009040 0.011149 -4.005554 2.470506 0.170211
c549 0.008662 0.011383 -1.608816 -2.326415 0.170306
c550 0.007823 0.010169 2.566231 -5.516962 0.170827
c551 0.008990 0.007659 -1.114907 -10.454827 0.171282
c552 0.008890 0.006719 -4.233951 -9.013912 0.171372
c553 0.008160 0.005164 -7.915964 -7.225801 0.171545
c554 0.004062 0.001424 -7.723547 -5.700673 0.172062
c555 0.003727 0.001176 -1.780541 -2.017457 0.172106
c556 0.002306 -0.000434 6.203926 -2.261345 0.172904
c557 0.003204 -0.000761 2.908859 -6.414258 0.173049
c558 0.003901 -0.002298 4.973919 0.471573 0.173288
c559 0.006342 -0.002067 8.018676 2.792491 0.173779
c560 0.007992 -0.001492 11.239415 1.095141 0.173985
c561 0.013265 -0.000978 3.494525 -9.221772 0.174454
c562 0.013414 -0.001372 -3.206968 -9.567864 0.174496
c563 0.012758 -0.003329 -2.911239 -0.769503 0.174701
c564 0.010986 -0.003798 -1.019554 -8.084123 0.175310
c565 0.010463 -0.007946 1.505019 -1.310569 0.175823
c566 0.011086 -0.008488 3.357799 -0.406989 0.176237
c567 0.012152 -0.008617 2.234196 3.271436 0.176554
c568 0.014063 -0.005819 1.084167 -1.450845 0.177409
c569 0.014203 -0.006006 5.801357 -4.812709 0.177538
c570 0.015463 -0.007052 -5.182018 -4.250271 0.177756
c571 0.014639 -0.007728 -5.933110 -4.272199 0.177915
c572 0.013519 -0.008534 -7.047562 -5.494261 0.178103
c573 0.013103 -0.008859 -2.804324 -5.397092 0.178162
c574 0.012807 -0.009427 0.366083 -5.212764 0.178268
c575 0.012865 -0.010249 4.146787 -2.262728 0.178425
c576 0.012960 -0.010300 3.151653 -4.277410 0.178448
c577 0.013243 -0.010685 -3.756313 -2.575592 0.178538
c578 0.007715 -0.014476 -8.021678 -2.866741 0.180010
c579 0.004053 -0.015784 -5.824170 3.031410 0.180466
c580 0.003737 -0.015620 -2.816500 -3.669857 0.180521
c581 0.002230 -0.017584 -3.410174 1.344652 0.181056
c582 0.000332 -0.016836 -2.137522 2.198318 0.181612
c583 -0.000862 -0.015608 -2.138965 2.678651 0.182171
c584 -0.005118 -0.010277 -4.868576 -2.173302 0.184161
c585 -0.005241 -0.010332 4.212062 1.228304 0.184186
c586 -0.004789 -0.010200 1.010646 -6.539346 0.184294
c587 -0.004409 -0.012659 0.417764 -1.736029 0.184670
c588 -0.004282 -0.013186 -2.318637 -2.118614 0.184973
c589 -0.005367 -0.014178 3.468507 -1.834607 0.185441
c590 -0.005124 -0.014307 2.265169 -7.858506 0.185512
c591 -0.004723 -0.015696 0.259736 -7.676937 0.185688
c592 -0.004716 -0.015925 -1.399901 -0.142182 0.185718
c593 -0.004813 -0.015935 -7.248903 1.537432 0.185788
c594 -0.008984 -0.015050 -9.390540 -2.045436 0.186363
c595 -0.009020 -0.015058 0.173614 -9.386829 0.186367
c596 -0.008981 -0.017150 -1.355092 -2.365276 0.186590
c597 -0.010369 -0.019573 2.856948 -4.788374 0.187615
c598 -0.009063 -0.021762 -0.260584 -3.942284 0.188072
c599 -0.009084 -0.022069 -7.967895 -7.372615 0.188149
c600 -0.009153 -0.022132 -1.098795 -1.112711 0.188158
c601 -0.009169 -0.022149 0.867159 -2.889978 0.188173
c602 -0.008684 -0.023763 2.552561 4.674945 0.188731
c603 -0.008580 -0.023572 5.017549 1.578072 0.188772
c604 -0.005807 -0.022700 7.410047 -1.071714 0.189325
c605 -0.005628 -0.022726 0.445670 -5.798512 0.189349
c606 -0.005591 -0.023206 3.451850 2.025295 0.189432
c607 -0.005021 -0.022872 7.162764 3.933028 0.189597
c608 -0.005007 -0.022864 2.431025 6.043054 0.189599
c609 -0.001892 -0.015121 3.135117 5.588269 0.190880
c610 -0.001118 -0.013742 5.768469 8.118197 0.191127
c611 -0.000158 -0.012391 1.785693 13.267211 0.191293
c612 0.000258 -0.009296 -2.888802 9.392670 0.191527
c613 -0.000730 -0.006084 -0.542399 9.600404 0.191869
c614 -0.000860 -0.003773 -0.240209 4.794448 0.192109
c615 -0.000912 -0.002732 0.308896 8.692878 0.192326
c616 -0.000034 0.021982 1.383500 7.494655 0.195169
c617 0.001678 0.031255 3.620334 7.880545 0.196407
c618 0.003260 0.034698 0.227575 5.196693 0.196844
c619 0.003294 0.035487 1.452830 -2.888876 0.196995
c620 0.003419 0.035239 -1.650168 4.586569 0.197081
c621 0.003368 0.035379 -3.541413 -1.498296 0.197112
c622 0.002834 0.035153 -8.350974 4.308113 0.197262
c623 0.001119 0.036038 -4.917413 6.616708 0.197468
c624 -0.000110 0.037691 -0.970564 0.317818 0.197718
c625 -0.000465 0.037808 0.133759 1.774759 0.198084
c626 -0.000446 0.038061 3.200170 -0.391555 0.198227
c627 -0.000262 0.038039 0.845966 -3.285466 0.198285
c628 0.000111 0.036590 2.024352 -6.366169 0.198726
c629 0.000158 0.036444 0.148601 -8.467234 0.198749
c630 0.000161 0.036261 0.430602 -4.933298 0.198770
c631 0.000239 0.035372 -1.741607 -2.062616 0.198950
c632 -0.003517 0.030923 3.897917 -0.399221 0.201107
c633 -0.002901 0.030860 2.649341 2.361902 0.201265
c634 -0.001899 0.031754 -1.408863 6.197529 0.201644
c635 -0.002276 0.033414 5.084215 6.353561 0.201911
c636 -0.002227 0.033475 -2.939876 4.002321 0.201921
c637 -0.002509 0.033859 -5.579782 2.199446 0.202017
c638 -0.005188 0.034915 0.523956 6.708160 0.202497
c639 -0.005138 0.035555 2.473844 6.503082 0.202592
c640 -0.003380 0.040177 4.596250 1.014738 0.203303
c641 -0.001515 0.040589 6.069827 5.552171 0.203709
c642 0.001073 0.042957 3.723092 4.827254 0.204135
c643 0.001811 0.043913 3.423527 4.931288 0.204333
c644 0.002692 0.044604 1.725905 -4.847405 0.204601
c645 0.004782 0.038735 1.306167 -1.211394 0.205812
c646 0.004967 0.038563 -0.845171 3.516543 0.205954
c647 0.004800 0.039258 -3.938163 5.800061 0.206151
c648 0.004670 0.039450 7.624453 -1.461379 0.206185
c649 0.005050 0.039377 5.866902 0.203868 0.206234
c650 0.012033 0.039620 5.369557 0.326559 0.207425
c651 0.015490 0.039830 -1.520697 -1.606975 0.208068
c652 0.014924 0.039233 -4.519853 0.357545 0.208440
c653 0.012370 0.039435 1.577174 -1.568953 0.209005
c654 0.012425 0.039380 -2.528037 3.955226 0.209040
c655 0.012234 0.039679 -6.847581 3.929769 0.209116
c656 0.011829 0.039911 1.518487 2.699050 0.209175
c657 0.013222 0.042387 7.170739 1.494710 0.210093
c658 0.014710 0.042277 2.513143 -4.759920 0.210321
c659 0.014814 0.042080 -3.484640 -1.194012 0.210363
c660 0.013948 0.041783 -4.518847 -0.349494 0.210611
c661 0.012941 0.041705 -5.684434 0.777080 0.210834
c662 0.011347 0.041923 -5.789590 11.282853 0.211115
c663 0.008402 0.042330 -9.461293 -3.170172 0.211474
