c1 0.000000 0.000000 -1.340912 -3.326104 0.000036
c2 -0.000067 -0.000167 -3.771023 -1.123340 0.000086
c3 -0.000322 -0.000243 -5.822544 2.266660 0.000154
c4 -0.000479 -0.000182 -7.944165 -1.043375 0.000181
c5 -0.001310 -0.000291 -0.851289 -4.836854 0.000285
c6 -0.001416 -0.000895 -3.061371 -3.441923 0.000410
c7 -0.001473 -0.000959 -3.135580 -2.253982 0.000429
c8 -0.001890 -0.001258 -3.424551 -5.984471 0.000562
c9 -0.002153 -0.001718 -3.318107 -8.624629 0.000638
c10 -0.002866 -0.003572 1.906229 -7.294079 0.000853
c11 -0.001561 -0.008565 1.263520 -4.778135 0.001538
c12 -0.000245 -0.013543 1.430415 -5.779612 0.002580
c13 0.000290 -0.015705 -0.592534 -3.781197 0.002954
c14 0.000213 -0.016196 -0.777905 2.955595 0.003084
c15 0.000084 -0.015704 -1.366576 0.490230 0.003250
c16 -0.000100 -0.015638 -3.523977 0.022320 0.003385
c17 -0.000345 -0.015636 -1.039630 0.181165 0.003454
c18 -0.001212 -0.015485 3.851622 0.030210 0.004289
c19 0.000218 -0.015474 9.027808 1.602592 0.004660
c20 0.001312 -0.015280 5.036507 1.485339 0.004781
c21 0.003293 -0.014696 10.519389 -5.591395 0.005175
c22 0.006972 -0.016651 0.938252 -6.496350 0.005525
c23 0.007204 -0.018256 -0.958044 -4.019506 0.005772
c24 0.006879 -0.019623 1.746967 -2.888016 0.006111
c25 0.006945 -0.019733 6.038917 -3.011435 0.006150
c26 0.008319 -0.020417 4.083252 -4.763684 0.006377
c27 0.009193 -0.021438 3.928557 -0.562815 0.006591
c28 0.009670 -0.021506 3.225094 1.759974 0.006712
c29 0.009687 -0.021497 -0.507302 -3.813935 0.006718
c30 0.009679 -0.021553 3.946867 -2.105043 0.006733
c31 0.009744 -0.021588 4.314720 3.110361 0.006749
c32 0.012306 -0.019741 11.040056 1.924257 0.007343
c33 0.014160 -0.019418 14.144204 -2.306243 0.007511
c34 0.014170 -0.019419 14.478615 -0.111259 0.007511
c35 0.017305 -0.019443 3.418863 0.699489 0.007728
c36 0.017963 -0.019309 2.194179 -4.039138 0.007920
c37 0.018789 -0.020829 -6.976842 3.672230 0.008297
c38 0.014259 -0.018445 -5.034578 -2.820182 0.008946
c39 0.013272 -0.018997 1.314708 -0.953530 0.009142
c40 0.013639 -0.019263 2.045936 3.400708 0.009421
c41 0.015091 -0.016849 1.658731 3.322733 0.010131
c42 0.015110 -0.016811 -0.985545 2.833341 0.010142
c43 0.015004 -0.016506 -1.095392 -1.858275 0.010250
c44 0.014988 -0.016533 2.704900 -0.419167 0.010264
c45 0.015272 -0.016577 1.066751 -1.857521 0.010369
c46 0.015827 -0.017544 -1.942432 -0.404703 0.010890
c47 0.015076 -0.017700 -2.926512 4.780516 0.011277
c48 0.014928 -0.017459 -4.338387 2.340432 0.011327
c49 0.010105 -0.014857 -5.350526 1.786814 0.012439
c50 0.009987 -0.014818 -4.451207 -3.087652 0.012461
c51 0.009961 -0.014835 -6.341746 -1.849373 0.012467
c52 0.008119 -0.015373 1.504273 -4.864215 0.012757
c53 0.008301 -0.015963 0.026749 -9.814455 0.012879
c54 0.008309 -0.018692 -0.599836 -5.091579 0.013157
c55 0.008152 -0.020020 -2.645063 -4.673631 0.013418
c56 0.007108 -0.021865 0.757537 -4.459436 0.013812
c57 0.007596 -0.024737 -1.621650 -8.754275 0.014456
c58 0.007376 -0.025920 -4.217475 -7.275023 0.014591
c59 0.007103 -0.026391 -7.660353 -2.771521 0.014656
c60 0.003826 -0.027577 -2.965885 -0.665726 0.015084
c61 0.000947 -0.028223 -0.909693 0.760308 0.016055
c62 0.000912 -0.028194 -4.581627 2.897654 0.016093
c63 -0.000074 -0.027571 -1.994050 5.713372 0.016308
c64 -0.002311 -0.021159 -1.382003 8.528470 0.017430
c65 -0.002814 -0.018059 -2.990680 2.692085 0.017794
c66 -0.002914 -0.017969 -2.377052 6.913981 0.017828
c67 -0.003122 -0.017365 1.462287 -1.478230 0.017915
c68 -0.001321 -0.019185 2.134229 -1.931996 0.019146
c69 -0.000302 -0.020108 -1.493451 -0.347998 0.019624
c70 -0.000751 -0.020213 -4.852379 2.643752 0.019925
c71 -0.002215 -0.019415 -2.726007 -1.765157 0.020227
c72 -0.004838 -0.021113 2.085718 1.512939 0.021188
c73 -0.003816 -0.020372 0.031678 -2.613271 0.021678
c74 -0.003815 -0.020439 -4.664630 -6.973736 0.021704
c75 -0.007296 -0.025642 3.896280 -1.671071 0.022450
c76 -0.007263 -0.025656 0.819774 2.375908 0.022458
c77 -0.007110 -0.025213 -3.414301 6.261988 0.022645
c78 -0.008178 -0.023255 -5.902843 2.388190 0.022958
c79 -0.008592 -0.023087 -1.241774 1.566837 0.023028
c80 -0.008738 -0.022903 1.621701 3.039881 0.023145
c81 -0.008083 -0.021675 -0.257985 3.994237 0.023549
c82 -0.008140 -0.020782 1.645748 8.618550 0.023773
c83 -0.005735 -0.008188 0.100349 11.656809 0.025234
c84 -0.005699 -0.004015 0.258916 3.297524 0.025592
c85 -0.005645 -0.003321 2.687562 -2.038687 0.025803
c86 -0.002745 -0.005521 0.402815 -4.825684 0.026882
c87 -0.002728 -0.005720 -3.440508 -0.557119 0.026923
c88 -0.004245 -0.005965 -0.435923 3.278772 0.027363
c89 -0.004293 -0.005600 3.851217 3.563989 0.027475
c90 -0.003820 -0.005162 2.593515 -1.183485 0.027598
c91 -0.001701 -0.006129 5.444031 -0.738674 0.028415
c92 -0.001262 -0.006188 1.577955 2.680781 0.028496
c93 -0.001250 -0.006168 4.753863 4.441922 0.028503
c94 -0.000813 -0.005759 -0.195738 2.939906 0.028595
c95 -0.000818 -0.005686 1.545078 0.091525 0.028620
c96 -0.000632 -0.005675 -0.081815 -3.730415 0.028740
c97 -0.000636 -0.005870 -0.275701 -1.840506 0.028792
c98 -0.000828 -0.007151 3.927599 -0.780373 0.029488
c99 0.001742 -0.007662 7.840648 0.329109 0.030143
c100 0.011527 -0.007251 10.820130 6.627766 0.031391
c101 0.013343 -0.006139 12.951744 1.857624 0.031558
c102 0.013659 -0.006093 9.601273 2.525749 0.031583
c103 0.014824 -0.005787 7.124681 5.798090 0.031704
c104 0.017421 -0.003673 0.540082 7.015279 0.032069
c105 0.017441 -0.003411 7.045346 3.453402 0.032106
c106 0.021259 -0.001540 6.210127 1.420845 0.032648
c107 0.022146 -0.001337 7.279085 9.559871 0.032791
c108 0.022733 -0.000565 0.746677 9.340812 0.032871
c109 0.023060 0.003523 -0.783181 9.555571 0.033309
c110 0.022536 0.009914 -3.369115 7.579260 0.033978
c111 0.021923 0.011294 -6.193974 1.962030 0.034160
c112 0.021477 0.011435 -2.575385 2.511692 0.034232
c113 0.020875 0.012023 -5.310584 -0.730852 0.034466
c114 0.018818 0.011740 -1.817465 -4.360327 0.034853
c115 0.017980 0.009728 -2.437182 -3.125503 0.035314
c116 0.017107 0.008609 -0.291426 2.908942 0.035672
c117 0.016919 0.010494 1.050898 -3.879277 0.036320
c118 0.017918 0.006804 -6.077695 -0.061916 0.037271
c119 0.017681 0.006801 -3.747954 2.587555 0.037310
c120 0.017355 0.007027 -3.066617 -0.221805 0.037397
c121 0.017273 0.007021 4.966845 -1.496135 0.037424
c122 0.017842 0.006850 -3.235188 -3.805137 0.037539
c123 0.016899 0.005740 -5.092979 -7.550756 0.037830
c124 0.016511 0.005166 -0.642628 -5.922376 0.037906
c125 0.015873 -0.000715 1.618643 -2.194302 0.038899
c126 0.015943 -0.000810 2.584333 2.829092 0.038943
c127 0.016271 -0.000451 -4.778263 -1.307640 0.039069
c128 0.014357 -0.000975 -0.948967 1.004367 0.039470
c129 0.014260 -0.000872 0.172488 1.865204 0.039572
c130 0.014312 -0.000311 2.276658 1.465303 0.039873
c131 0.015330 0.000344 3.957502 2.224091 0.040320
c132 0.016014 0.000728 5.628347 -0.718346 0.040493
c133 0.016478 0.000669 3.348912 -3.473100 0.040575
c134 0.017325 -0.000210 9.180119 1.476686 0.040828
c135 0.019444 0.000131 3.361051 -3.419246 0.041059
c136 0.019730 -0.000160 -2.924304 -3.608652 0.041144
c137 0.018264 -0.001968 -2.493573 2.283512 0.041645
c138 0.018224 -0.001931 -5.495579 -4.824344 0.041661
c139 0.017825 -0.002282 -3.432181 -1.615684 0.041734
c140 0.017133 -0.002608 -6.584054 5.431551 0.041936
c141 0.015730 -0.001450 -0.705723 7.504121 0.042149
c142 0.015466 0.001362 -0.998308 7.189312 0.042523
c143 0.015366 0.002078 2.974228 8.155255 0.042623
c144 0.015536 0.002543 2.229701 -0.072376 0.042680
c145 0.017782 0.002470 6.276319 -3.245761 0.043687
c146 0.020146 0.001247 4.649291 -5.194561 0.044064
c147 0.023892 -0.002938 2.649053 -0.346993 0.044870
c148 0.023921 -0.002942 2.387509 2.495413 0.044880
c149 0.024833 -0.001988 5.641797 0.269400 0.045263
c150 0.029151 -0.001782 1.472284 3.540947 0.046028
c151 0.029799 -0.000224 -1.157596 2.202752 0.046468
c152 0.028485 0.002277 -0.785776 6.620285 0.047603
c153 0.028387 0.003102 1.638020 0.088159 0.047728
c154 0.028461 0.003106 3.013629 3.603491 0.047773
c155 0.030016 0.004965 6.362644 4.960326 0.048289
c156 0.030562 0.005390 3.722352 9.193761 0.048375
c157 0.030911 0.006253 6.197202 4.950956 0.048469
c158 0.032801 0.007763 1.679595 1.670371 0.048774
c159 0.033172 0.008132 2.367742 1.290797 0.048995
c160 0.033506 0.008314 -2.258998 4.527917 0.049136
c161 0.033465 0.008396 2.272960 1.817209 0.049154
c162 0.035413 0.009954 2.793952 -3.295957 0.050011
c163 0.035770 0.009532 0.839701 -1.472478 0.050139
c164 0.035977 0.009171 0.144799 4.790569 0.050384
c165 0.036114 0.013730 4.421288 -0.113740 0.051336
c166 0.036631 0.013717 6.437186 -0.597023 0.051453
c167 0.039744 0.013428 -2.592172 2.265424 0.051937
c168 0.039364 0.013760 -6.696062 3.824168 0.052083
c169 0.038359 0.014334 -2.809208 1.599510 0.052233
c170 0.037726 0.014694 -4.089472 0.580363 0.052459
c171 0.037572 0.014716 0.379138 5.072691 0.052496
c172 0.037588 0.014932 -0.716073 4.119981 0.052539
c173 0.036955 0.018572 1.481365 0.441171 0.053422
c174 0.037345 0.018688 -0.575546 4.482209 0.053685
c175 0.036496 0.025298 2.094534 -5.322913 0.055160
c176 0.036843 0.024415 -2.970052 -1.351334 0.055326
c177 0.036510 0.024263 -0.726933 -3.441652 0.055438
c178 0.035688 0.020372 -1.143197 -3.373902 0.056569
c179 0.034309 0.016302 2.317361 -3.250862 0.057775
c180 0.034857 0.015534 3.372073 3.307011 0.058011
c181 0.036534 0.017180 2.515174 -0.397974 0.058509
c182 0.037012 0.017104 2.950423 -2.630144 0.058699
c183 0.038467 0.015807 0.048900 -2.250908 0.059192
c184 0.038467 0.015790 1.347649 -0.197057 0.059199
c185 0.038778 0.015745 -1.650175 5.226346 0.059430
c186 0.038593 0.016330 2.538080 6.623707 0.059542
c187 0.038592 0.020773 0.517243 -0.546277 0.060375
c188 0.038762 0.020593 -0.489857 10.570663 0.060704
c189 0.038666 0.022674 2.634999 0.877524 0.060901
c190 0.038387 0.022322 0.602626 0.448994 0.061185
c191 0.038511 0.022415 -0.375831 7.330800 0.061391
c192 0.036790 0.024339 1.502162 8.079409 0.061784
c193 0.031087 0.026647 -7.996732 3.378528 0.062672
c194 0.030311 0.026975 -4.288297 5.233949 0.062769
c195 0.027962 0.029842 -3.268650 -2.321367 0.063316
c196 0.026959 0.029129 5.671278 -1.847060 0.063623
c197 0.027523 0.028945 4.682625 3.937704 0.063723
c198 0.027797 0.029175 3.558806 2.764165 0.063781
c199 0.028706 0.029881 1.751993 6.344125 0.064037
c200 0.028707 0.029883 1.364876 6.608357 0.064037
c201 0.028726 0.029975 2.291542 7.664756 0.064051
c202 0.028755 0.030071 7.644613 3.944489 0.064064
c203 0.028785 0.030087 5.263501 5.556196 0.064068
c204 0.029359 0.030694 5.888666 2.858928 0.064177
c205 0.030750 0.031369 4.169378 8.121044 0.064413
c206 0.029964 0.031642 -1.035168 -4.528330 0.064699
c207 0.029675 0.030380 -4.776459 -7.438644 0.064978
c208 0.027796 0.027454 -6.282585 -2.153083 0.065371
c209 0.027248 0.027266 5.523705 -0.697576 0.065458
c210 0.030807 0.026816 -2.712849 5.226692 0.066103
c211 0.029727 0.028897 1.290475 4.991908 0.066501
c212 0.029886 0.029509 -2.873450 3.413564 0.066623
c213 0.028530 0.031119 -7.326462 1.628406 0.067095
c214 0.021436 0.032696 -4.240788 0.248028 0.068064
c215 0.019287 0.032822 -1.196111 -4.972779 0.068570
c216 0.019060 0.031875 3.047318 -1.782696 0.068761
c217 0.021694 0.030334 8.529617 0.421166 0.069625
c218 0.022506 0.030374 3.722138 -1.828152 0.069720
c219 0.025191 0.029056 1.524192 -0.849777 0.070442
c220 0.025447 0.028913 -3.449236 -5.882545 0.070610
c221 0.019285 0.018403 -1.010602 -5.321056 0.072396
c222 0.018416 0.013826 4.642873 -2.659942 0.073256
c223 0.019095 0.013437 4.424854 -0.131806 0.073403
c224 0.019231 0.013433 2.578441 -3.095306 0.073433
c225 0.019476 0.013140 -2.123433 -3.055727 0.073528
c226 0.018700 0.012023 2.576356 -8.345627 0.073894
c227 0.018890 0.011406 2.323155 -3.614138 0.073968
c228 0.019551 0.010378 5.490766 -3.964004 0.074252
c229 0.023211 0.007735 7.202332 -5.441047 0.074919
c230 0.027415 0.004559 8.703099 -1.619019 0.075502
c231 0.030238 0.004034 8.107100 0.556581 0.075827
c232 0.038449 0.004598 10.627496 -3.621866 0.076840
c233 0.038920 0.004437 4.716864 -1.886900 0.076884
c234 0.040577 0.003774 -0.937186 -1.317065 0.077235
c235 0.040534 0.003713 0.148638 5.858700 0.077282
c236 0.040568 0.005045 8.417309 5.152883 0.077509
c237 0.041235 0.005453 4.269809 5.358050 0.077588
c238 0.041753 0.006103 2.653008 8.271969 0.077710
c239 0.041800 0.006252 -0.641703 10.227359 0.077728
c240 0.041711 0.007684 -8.436640 9.242312 0.077868
c241 0.041587 0.007820 -3.748488 3.199645 0.077882
c242 0.041467 0.007922 1.098879 -0.516433 0.077915
c243 0.041961 0.007690 1.744984 0.978195 0.078364
c244 0.042041 0.007735 4.806093 1.831436 0.078410
c245 0.042928 0.008527 1.771749 5.059029 0.079099
c246 0.043503 0.010919 -3.163680 -3.303365 0.079585
c247 0.042489 0.009860 0.844930 -2.663899 0.079906
c248 0.042613 0.009469 -1.824470 0.906132 0.080053
c249 0.041063 0.010238 1.921109 -1.985637 0.080902
c250 0.042105 0.009162 2.586384 -2.693418 0.081444
c251 0.043023 0.008205 5.672997 2.322104 0.081799
c252 0.043985 0.008599 3.179108 3.994946 0.081969
c253 0.044036 0.008663 2.985835 -6.262586 0.081985
c254 0.044221 0.008277 -3.177855 -2.969851 0.082047
c255 0.042893 0.007035 4.855356 -2.244426 0.082464
c256 0.044485 0.006197 1.543281 -1.390696 0.082827
c257 0.044519 0.006007 -1.107408 3.130178 0.082949
c258 0.044126 0.007119 2.540113 4.645334 0.083304
c259 0.044303 0.007604 -4.294795 -0.808498 0.083412
c260 0.044225 0.007590 -0.030800 -4.210313 0.083430
c261 0.044195 0.003483 -2.038929 -1.233663 0.084405
c262 0.042952 0.002730 0.654944 -2.166786 0.085015
c263 0.043116 0.002186 3.208207 -0.049528 0.085267
c264 0.043483 0.002180 7.842377 -7.805495 0.085381
c265 0.040111 -0.004486 -8.237015 -4.361411 0.086216
c266 0.039501 -0.004809 -9.647361 -10.666225 0.086290
c267 0.039429 -0.004889 -2.897313 -8.645703 0.086297
c268 0.038160 -0.008675 -3.273226 2.004470 0.086735
c269 0.037914 -0.008525 -9.846466 0.826923 0.086811
c270 0.035727 -0.008341 -1.016676 -4.678826 0.087033
c271 0.035639 -0.008748 -0.495457 -3.584311 0.087119
c272 0.035470 -0.009966 -4.091305 0.182080 0.087460
c273 0.033071 -0.009860 -2.551414 -3.824726 0.088046
c274 0.032992 -0.009978 -1.767114 2.855635 0.088077
c275 0.032559 -0.009278 -0.780047 4.060513 0.088322
c276 0.032428 -0.008599 -1.723279 0.000668 0.088489
c277 0.030310 -0.008598 -8.159984 -0.476850 0.089718
c278 0.028246 -0.008719 -4.450728 -2.520693 0.089971
c279 0.028027 -0.008843 -1.754686 1.246207 0.090020
c280 0.027382 -0.008385 0.195355 -0.237334 0.090388
c281 0.027502 -0.008530 6.387885 3.090994 0.090999
c282 0.030172 -0.007238 6.768705 0.998395 0.091417
c283 0.030572 -0.007179 6.566265 3.302598 0.091476
c284 0.034434 -0.005237 9.249591 -2.984964 0.092064
c285 0.034769 -0.005345 -1.823638 -2.126611 0.092100
c286 0.034507 -0.005651 3.321119 -0.782844 0.092244
c287 0.034561 -0.005664 3.719695 -1.128932 0.092261
c288 0.034609 -0.005679 1.187602 0.290612 0.092274
c289 0.034622 -0.005675 1.706930 -0.120487 0.092285
c290 0.036785 -0.005828 5.575916 1.453931 0.093552
c291 0.039197 -0.005199 -1.021033 1.287235 0.093985
c292 0.038791 -0.004687 3.815876 -0.656416 0.094383
c293 0.039170 -0.004752 3.501431 0.943497 0.094482
c294 0.039242 -0.004733 2.181320 0.610317 0.094503
c295 0.039270 -0.004725 -2.641753 -0.534035 0.094515
c296 0.038298 -0.004921 -4.584487 -1.979687 0.094883
c297 0.038197 -0.004965 -5.616989 -3.363219 0.094905
c298 0.036092 -0.006225 0.330977 -5.144188 0.095280
c299 0.036180 -0.007594 6.457764 -5.095694 0.095546
c300 0.036774 -0.008062 2.844757 -0.835418 0.095638
c301 0.037235 -0.008197 2.909123 -2.743004 0.095800
c302 0.037357 -0.008313 2.465414 3.129212 0.095842
c303 0.038127 -0.007335 9.593047 0.093104 0.096154
c304 0.038758 -0.007329 3.297324 -4.858836 0.096220
c305 0.038893 -0.007528 6.605621 -2.699418 0.096261
c306 0.039520 -0.007784 -1.635058 -3.980672 0.096356
c307 0.039184 -0.008602 2.765405 -4.368646 0.096561
c308 0.039838 -0.009636 -6.801802 -5.700797 0.096798
c309 0.034474 -0.014131 2.362949 1.852300 0.097587
c310 0.035417 -0.013392 -0.532528 2.586342 0.097985
c311 0.035029 -0.011508 0.007471 3.330875 0.098714
c312 0.035029 -0.011301 -2.363981 5.862359 0.098776
c313 0.034850 -0.010857 1.039670 7.228708 0.098852
c314 0.035018 -0.009690 1.111801 1.338411 0.099013
c315 0.035049 -0.009653 4.001727 6.033630 0.099041
c316 0.035640 -0.008762 5.595218 -1.468994 0.099189
c317 0.038566 -0.009530 8.395734 0.582995 0.099712
c318 0.043504 -0.009188 8.888622 2.359652 0.100300
c319 0.039669 -0.005581 -7.797880 0.069746 0.100974
c320 0.037986 -0.005566 -2.998859 0.131406 0.101190
c321 0.036923 -0.005519 0.286785 2.792798 0.101545
c322 0.036931 -0.005445 3.113361 2.427339 0.101571
c323 0.037522 -0.004984 1.653029 -1.885139 0.101761
c324 0.038373 -0.005954 1.120276 -4.335284 0.102276
c325 0.038458 -0.006282 1.697257 -3.664799 0.102351
c326 0.039313 -0.008128 1.189166 -0.635262 0.102855
c327 0.039645 -0.008306 0.568937 -2.438414 0.103135
c328 0.039973 -0.009711 0.722182 -3.773346 0.103711
c329 0.040214 -0.010971 1.062191 -3.222693 0.104045
c330 0.040469 -0.011743 3.342178 -3.771760 0.104284
c331 0.041036 -0.012384 0.702962 -0.114868 0.104454
c332 0.041075 -0.012390 -0.714536 5.621870 0.104509
c333 0.040990 -0.011724 -2.387643 2.654113 0.104628
c334 0.040760 -0.011467 0.166007 3.163313 0.104724
c335 0.040795 -0.010804 -1.120376 6.089796 0.104934
c336 0.040793 -0.010796 -2.053952 1.147673 0.104935
c337 0.038641 -0.009594 -3.633010 3.205386 0.105983
c338 0.036963 -0.008113 -5.266607 -1.969478 0.106445
c339 0.035617 -0.008616 -3.785584 0.315039 0.106701
c340 0.033082 -0.008405 0.075357 -5.242127 0.107370
c341 0.033097 -0.009432 -3.148499 -1.354020 0.107566
c342 0.032240 -0.009801 -5.269193 1.839467 0.107838
c343 0.030090 -0.009050 -5.718805 0.229914 0.108246
c344 0.029806 -0.009039 0.756979 2.696702 0.108296
c345 0.029897 -0.008715 -1.937329 0.359450 0.108416
c346 0.028559 -0.008466 -3.680084 2.598277 0.109107
c347 0.027795 -0.007927 1.896113 -4.705627 0.109315
c348 0.028474 -0.009612 0.721491 -3.636564 0.109673
c349 0.028565 -0.010073 -6.084255 -4.001480 0.109800
c350 0.026849 -0.011202 -4.513357 6.749699 0.110082
c351 0.025636 -0.009387 1.340058 5.446608 0.110351
c352 0.028036 0.000366 0.751599 5.374300 0.112141
c353 0.028409 0.003033 -1.689822 8.446136 0.112638
c354 0.028268 0.003737 -9.375202 3.109118 0.112721
c355 0.027751 0.003909 -6.636198 -5.293619 0.112776
c356 0.026532 0.002936 -6.107461 -0.440944 0.112960
c357 0.024499 0.002789 -1.412589 2.904521 0.113292
c358 0.023579 0.004682 -5.205765 6.985537 0.113944
c359 0.023072 0.005362 -10.078518 0.262602 0.114041
c360 0.015544 0.005558 -8.976593 -4.203901 0.114788
c361 0.012855 0.004299 1.177103 -4.839592 0.115088
c362 0.013317 0.002401 -0.564213 1.002767 0.115480
c363 0.013317 0.002402 1.805746 3.344976 0.115481
c364 0.013538 0.002811 4.348968 2.732867 0.115603
c365 0.014367 0.003332 0.630999 1.235278 0.115794
c366 0.014791 0.004161 0.714428 -3.605630 0.116465
c367 0.014925 0.003481 5.386190 -3.481960 0.116654
c368 0.016545 0.002434 2.218585 -3.717579 0.116955
c369 0.017689 0.000516 -0.333212 -3.531595 0.117471
c370 0.017386 -0.002702 -2.521261 0.672028 0.118382
c371 0.015705 -0.002254 -0.446615 -6.172536 0.119049
c372 0.015457 -0.005676 -0.538350 -6.192604 0.119603
c373 0.015322 -0.007225 1.160870 -6.176524 0.119853
c374 0.015829 -0.009923 3.634038 -1.247883 0.120290
c375 0.017227 -0.010403 -0.459395 -1.735178 0.120675
c376 0.017041 -0.011105 2.715105 4.485526 0.121080
c377 0.017467 -0.010401 2.389312 1.875820 0.121236
c378 0.017827 -0.010119 -2.949173 3.675925 0.121387
c379 0.017350 -0.009524 -0.358544 1.861239 0.121549
c380 0.017218 -0.008837 1.549722 0.946236 0.121918
c381 0.017283 -0.008798 0.648285 6.617333 0.121960
c382 0.017307 -0.008551 2.591645 6.006206 0.121997
c383 0.017607 -0.007855 7.604657 2.119213 0.122113
c384 0.022150 -0.006589 2.510983 8.293365 0.122710
c385 0.022198 -0.006433 3.681806 4.382139 0.122729
c386 0.024466 -0.003733 3.255459 6.553536 0.123345
c387 0.025807 -0.001033 7.964409 6.908303 0.123757
c388 0.026009 -0.000858 6.774995 4.041480 0.123783
c389 0.027638 0.000114 0.739869 0.540372 0.124023
c390 0.028399 0.000670 0.554672 2.151203 0.125052
c391 0.028474 0.000959 2.643722 4.578060 0.125186
c392 0.029194 0.002207 1.899889 2.835572 0.125459
c393 0.029244 0.002281 1.056738 -1.130146 0.125485
c394 0.029520 0.001986 -7.398014 0.667377 0.125746
c395 0.028882 0.002044 -6.404519 -3.808164 0.125832
c396 0.027073 0.000968 -4.037570 -3.064855 0.126114
c397 0.025517 -0.000213 -4.356100 -2.045557 0.126500
c398 0.021333 -0.002178 -4.502210 -6.629078 0.127460
c399 0.020913 -0.002795 -2.899194 -6.207666 0.127553
c400 0.020283 -0.004145 1.315136 -3.180294 0.127771
c401 0.020424 -0.004486 5.582204 -1.154589 0.127878
c402 0.023841 -0.005193 0.967334 -5.643334 0.128490
c403 0.024051 -0.006414 0.205643 1.450375 0.128707
c404 0.024098 -0.006083 3.724597 1.852624 0.128935
c405 0.024749 -0.005759 0.488239 -1.124635 0.129110
c406 0.024811 -0.005902 -0.626633 -7.118331 0.129236
c407 0.024746 -0.006635 2.166241 -6.390116 0.129339
c408 0.025012 -0.007419 1.679733 -7.939631 0.129462
c409 0.025369 -0.009106 5.923549 -0.968012 0.129674
c410 0.026252 -0.009250 5.351289 -3.180172 0.129824
c411 0.027718 -0.010121 3.331670 1.703620 0.130098
c412 0.028284 -0.009832 6.769746 -1.402587 0.130267
c413 0.028527 -0.009882 -5.772173 2.366541 0.130303
c414 0.027568 -0.009489 -5.010313 1.899487 0.130470
c415 0.019133 -0.006291 -0.101116 5.891630 0.132153
c416 0.019079 -0.003113 0.955078 5.159853 0.132692
c417 0.019202 -0.002450 4.415303 6.990542 0.132821
c418 0.019516 -0.001952 -1.010161 0.877299 0.132892
c419 0.018315 -0.000909 -3.330418 -1.724523 0.134081
c420 0.016968 -0.001606 4.637534 -1.162532 0.134486
c421 0.017064 -0.001630 1.560945 2.311931 0.134506
c422 0.018391 0.000336 0.131118 2.369500 0.135357
c423 0.018467 0.001703 -5.296086 2.778332 0.135934
c424 0.017251 0.002341 -10.651920 2.165446 0.136163
c425 0.015650 0.002667 -6.174754 -2.233229 0.136314
c426 0.013282 0.001810 -5.650120 1.855277 0.136697
c427 0.012299 0.002133 1.874430 0.358282 0.136871
c428 0.012406 0.002154 1.370811 -4.221405 0.136928
c429 0.012505 0.001852 6.403380 -7.097360 0.137000
c430 0.014178 -0.000003 5.044253 -7.193351 0.137261
c431 0.014684 -0.000725 2.476458 -13.888125 0.137362
c432 0.015734 -0.006614 1.903567 -11.042438 0.137786
c433 0.016112 -0.008807 4.495449 -4.070547 0.137984
c434 0.016409 -0.009076 7.881474 -0.516901 0.138050
c435 0.016483 -0.009081 6.136649 5.497767 0.138060
c436 0.016934 -0.008677 0.413307 8.058845 0.138133
c437 0.016974 -0.007905 -6.322468 7.384572 0.138229
c438 0.012796 -0.003025 -5.615178 -3.706478 0.138890
c439 0.008713 -0.005720 -6.725681 -2.219479 0.139617
c440 0.006101 -0.006582 -3.562039 3.632374 0.140005
c441 0.005832 -0.006308 1.810743 2.620782 0.140081
c442 0.007458 -0.003955 -1.806059 8.131838 0.140979
c443 0.007163 -0.002626 -4.245473 9.513807 0.141142
c444 0.006115 -0.000277 0.505434 -1.128395 0.141389
c445 0.006222 -0.000518 -3.448583 0.211494 0.141602
c446 0.006176 -0.000515 -0.846163 1.961582 0.141616
c447 0.006011 -0.000134 -1.198148 1.912832 0.141810
c448 0.005763 0.000262 0.237010 1.748428 0.142017
c449 0.005778 0.000368 1.801203 2.660403 0.142078
c450 0.005953 0.000628 10.548957 7.145305 0.142176
c451 0.006928 0.001288 9.778903 3.740378 0.142268
c452 0.008575 0.001918 2.704239 6.305972 0.142436
c453 0.009140 0.003235 4.783231 1.978266 0.142645
c454 0.012543 0.004643 4.382298 -2.522901 0.143357
c455 0.016726 0.002235 7.287954 2.305092 0.144311
c456 0.019311 0.003052 3.423684 -0.732593 0.144666
c457 0.020101 0.002883 -1.260571 -3.347103 0.144897
c458 0.020041 0.002724 0.716646 -4.818796 0.144944
c459 0.020673 -0.001528 0.516862 -0.416783 0.145827
c460 0.020795 -0.001626 -0.492904 -2.190540 0.146062
c461 0.020295 -0.003848 6.441438 -4.243911 0.147076
c462 0.020781 -0.004168 -3.585873 -4.220825 0.147152
c463 0.019165 -0.006070 -4.041473 -0.950497 0.147602
c464 0.017665 -0.006423 -5.484469 6.262178 0.147973
c465 0.014327 -0.002611 2.211846 -3.577226 0.148582
c466 0.016049 -0.005396 1.501675 -1.165601 0.149361
c467 0.016183 -0.005500 0.820153 -6.115342 0.149450
c468 0.016224 -0.005804 3.736864 -2.557249 0.149500
c469 0.018016 -0.007031 0.391418 3.300123 0.149979
c470 0.018039 -0.006836 -1.239742 1.561421 0.150038
c471 0.016851 -0.005340 -0.439547 -3.178077 0.150996
c472 0.016742 -0.006126 -1.025414 2.429020 0.151244
c473 0.016740 -0.006122 -4.835763 -6.702464 0.151245
c474 0.016543 -0.006396 -2.484445 -3.101409 0.151286
c475 0.015471 -0.007733 -6.057860 1.703018 0.151717
c476 0.013704 -0.007236 1.607997 -1.528465 0.152009
c477 0.014005 -0.007522 1.649377 -3.798794 0.152196
c478 0.014203 -0.007980 4.495113 0.962080 0.152316
c479 0.016096 -0.007575 0.095247 5.927469 0.152737
c480 0.016105 -0.006969 -7.408812 5.596405 0.152840
c481 0.014351 -0.005644 -5.376919 3.203387 0.153076
c482 0.012411 -0.004488 -5.265321 1.489028 0.153437
c483 0.009716 -0.003726 -3.746281 1.434229 0.153949
c484 0.009044 -0.003469 -1.878290 2.390827 0.154129
c485 0.008906 -0.003293 -7.457610 -5.278881 0.154202
c486 0.007902 -0.004003 -6.736617 -4.558448 0.154337
c487 -0.000111 -0.009425 -8.312905 -3.697980 0.155526
c488 -0.000787 -0.009726 -5.071109 -0.263143 0.155608
c489 -0.000948 -0.009735 -10.026445 2.947305 0.155639
c490 -0.003897 -0.008868 -2.136087 -2.082698 0.155933
c491 -0.004247 -0.009210 8.612407 2.262032 0.156098
c492 0.008282 -0.005919 4.314949 -0.888373 0.157552
c493 0.008338 -0.005931 6.885290 4.428316 0.157565
c494 0.009775 -0.005006 3.817838 -2.135908 0.157774
c495 0.010497 -0.005410 4.789805 -2.753415 0.157963
c496 0.011555 -0.006018 -0.799266 -5.123216 0.158184
c497 0.011392 -0.007060 -2.894271 -5.310968 0.158387
c498 0.010024 -0.009571 4.051846 -3.952210 0.158860
c499 0.011498 -0.011010 4.296713 -6.213627 0.159224
c500 0.012472 -0.012418 -0.548487 -7.887168 0.159451
c501 0.012359 -0.014036 1.467565 -5.601908 0.159656
c502 0.012430 -0.014305 -3.095949 -1.762765 0.159704
c503 0.011996 -0.014552 -5.597048 1.220987 0.159844
c504 0.010505 -0.014227 -2.806906 -0.718783 0.160111
c505 0.009141 -0.014577 0.762975 3.153423 0.160597
c506 0.009146 -0.014556 4.131046 1.246559 0.160603
c507 0.009619 -0.014413 -0.560964 4.011356 0.160718
c508 0.009471 -0.013356 -1.553363 3.544476 0.160981
c509 0.009154 -0.012633 1.065212 -2.754824 0.161185
c510 0.009885 -0.014523 -6.221957 -9.698755 0.161871
c511 0.009695 -0.014818 1.720250 -1.835818 0.161902
c512 0.009727 -0.014852 -4.394009 -1.755543 0.161920
c513 0.007595 -0.015704 -0.349677 3.060173 0.162405
c514 0.007547 -0.015281 0.194814 -8.470373 0.162543
c515 0.007626 -0.018745 -0.551609 -8.281680 0.162952
c516 0.007192 -0.025269 1.064442 -2.498968 0.163740
c517 0.007457 -0.025892 4.859608 -0.768103 0.163989
c518 0.008861 -0.026114 3.902705 1.743550 0.164278
c519 0.010201 -0.025515 3.585885 2.530885 0.164621
c520 0.012059 -0.024204 2.448438 2.464177 0.165140
c521 0.012076 -0.024187 1.395657 2.727392 0.165147
c522 0.012464 -0.023430 2.995651 3.548370 0.165424
c523 0.012828 -0.022998 9.827291 1.812643 0.165546
c524 0.013096 -0.022949 -1.370778 -2.477980 0.165573
c525 0.012972 -0.023173 2.804929 -2.849732 0.165664
c526 0.014769 -0.024999 2.171290 -2.665959 0.166304
c527 0.014813 -0.025053 2.107196 0.129362 0.166325
c528 0.015989 -0.024981 -1.176197 0.380662 0.166883
c529 0.015419 -0.024797 -1.281396 4.819492 0.167367
c530 0.015086 -0.023545 5.588233 -4.338026 0.167627
c531 0.016613 -0.024731 5.834735 -5.845960 0.167900
c532 0.018102 -0.026222 5.868389 -3.136008 0.168156
c533 0.018504 -0.026437 -1.145484 -1.702964 0.168224
c534 0.018308 -0.026729 2.949689 -0.583867 0.168395
c535 0.020891 -0.027240 6.456788 -0.334062 0.169271
c536 0.022879 -0.027343 2.946281 4.888806 0.169579
c537 0.023368 -0.026532 2.688945 4.707870 0.169745
c538 0.023933 -0.025543 3.804903 5.792517 0.169955
c539 0.024029 -0.025396 4.284246 0.907886 0.169980
c540 0.025754 -0.025031 3.203853 3.883293 0.170383
c541 0.026193 -0.024499 5.966494 9.174160 0.170520
c542 0.028115 -0.021543 5.880764 4.512034 0.170842
c543 0.028961 -0.020894 1.778920 4.078918 0.170986
c544 0.030012 -0.018485 2.115690 1.533345 0.171577
c545 0.030176 -0.018366 -2.008612 -3.166759 0.171654
c546 0.029843 -0.018891 -4.070466 2.166003 0.171820
c547 0.028526 -0.018190 -6.475877 3.718099 0.172144
c548 0.027982 -0.017877 -3.863274 5.613825 0.172228
c549 0.027401 -0.017033 1.912538 6.250298 0.172378
c550 0.027584 -0.016434 -3.534020 1.873971 0.172474
c551 0.026635 -0.015931 -8.431761 3.763598 0.172743
c552 0.026539 -0.015888 -1.829201 2.189224 0.172754
c553 0.026133 -0.015402 0.786432 3.976130 0.172976
c554 0.026302 -0.014545 0.563614 -2.318530 0.173191
c555 0.026386 -0.014889 -3.843303 -5.000440 0.173340
c556 0.026217 -0.015108 -4.115135 1.428642 0.173383
c557 0.025914 -0.015003 0.544343 -2.993939 0.173457
c558 0.026093 -0.015985 -4.020213 1.470188 0.173785
c559 0.022572 -0.014698 -0.134902 1.117907 0.174661
c560 0.022539 -0.014425 0.565024 3.134326 0.174905
c561 0.022731 -0.013362 0.581417 0.617461 0.175244
c562 0.022790 -0.013298 -1.994793 3.290121 0.175347
c563 0.022608 -0.012997 8.322362 1.415516 0.175439
c564 0.023180 -0.012900 0.710343 6.061514 0.175508
c565 0.023357 -0.011388 -10.827575 6.453213 0.175757
c566 0.021320 -0.010174 -2.595715 9.680871 0.175945
c567 0.020461 -0.006971 -10.053723 6.632388 0.176276
c568 0.019959 -0.006640 -4.705635 -1.247395 0.176326
c569 0.016859 -0.007462 -1.664720 3.342269 0.176985
c570 0.016452 -0.006643 5.366687 8.108955 0.177230
c571 0.019128 -0.002600 1.673964 8.864262 0.177728
c572 0.019557 -0.000325 4.902398 4.278057 0.177985
c573 0.022732 0.002446 -1.573196 7.136450 0.178632
c574 0.022652 0.002810 -2.781318 5.585736 0.178684
c575 0.020318 0.007496 -1.984752 8.755426 0.179522
c576 0.020313 0.007520 -1.243180 7.682259 0.179525
c577 0.020232 0.008021 -3.188894 5.421427 0.179590
c578 0.018934 0.010228 -4.898172 1.104389 0.179997
c579 0.018361 0.010357 -4.679274 -3.679628 0.180114
c580 0.013243 0.006333 -7.190561 2.202011 0.181208
c581 0.013131 0.006367 -8.718233 1.066669 0.181224
c582 0.012904 0.006395 -0.212062 -4.668048 0.181250
c583 0.012879 0.005852 2.430759 -2.070184 0.181366
c584 0.013072 0.005687 5.868059 1.024042 0.181446
c585 0.016515 0.006288 7.257711 3.377808 0.182032
c586 0.019942 0.007883 5.322122 9.251830 0.182504
c587 0.021054 0.009816 4.409764 3.917967 0.182713
c588 0.021736 0.010423 8.753501 0.489140 0.182868
c589 0.028426 0.010796 10.597177 5.609976 0.183632
c590 0.030036 0.011649 2.963153 9.749276 0.183784
c591 0.031184 0.015425 7.561392 4.901734 0.184172
c592 0.036566 0.019657 -10.472852 1.314450 0.185699
c593 0.035655 0.019771 -4.963515 -2.584108 0.185786
c594 0.035072 0.019468 -4.825331 5.516156 0.185903
c595 0.034335 0.020310 -4.445200 6.149950 0.186056
c596 0.033309 0.021730 -0.254462 -0.514516 0.186287
c597 0.033228 0.021566 -0.078255 0.374852 0.186606
c598 0.033163 0.021877 1.441002 8.865874 0.187436
c599 0.030848 0.029102 -5.374483 0.339603 0.188638
c600 0.029110 0.029211 -0.737848 -0.920832 0.188961
c601 0.028254 0.028144 3.860268 2.777562 0.190121
c602 0.029021 0.028695 2.047814 7.554424 0.190319
c603 0.022322 0.030308 -3.907538 3.826673 0.192013
c604 0.022092 0.030533 3.900335 1.419290 0.192072
c605 0.023743 0.031134 -1.218697 -4.242125 0.192496
c606 0.023261 0.029457 2.728067 -5.368032 0.192891
c607 0.023985 0.028033 -1.291412 -11.713468 0.193156
c608 0.023681 0.025284 4.565075 -5.418781 0.193391
c609 0.024459 0.024361 -2.539089 -9.563128 0.193561
c610 0.023933 0.022379 0.925629 -9.086760 0.193769
c611 0.024459 0.017211 0.940226 -5.212497 0.194337
c612 0.025367 0.012178 2.565335 -1.344439 0.195303
c613 0.025942 0.011877 3.413845 -0.682398 0.195527
c614 0.026112 0.011843 3.866417 4.621355 0.195577
c615 0.026410 0.012199 1.813819 4.536385 0.195654
c616 0.026673 0.012856 9.446024 1.610872 0.195799
c617 0.029772 0.013385 9.195482 1.480691 0.196127
c618 0.029954 0.013414 6.467110 4.227215 0.196147
c619 0.030200 0.013575 2.597670 1.944331 0.196185
c620 0.031352 0.014437 2.862469 0.194677 0.196628
c621 0.031398 0.014440 4.722390 -4.818630 0.196644
c622 0.032533 0.013282 5.104952 -2.121806 0.196885
c623 0.038203 0.010925 7.440766 -0.032345 0.197995
c624 0.038285 0.010925 7.247118 0.568237 0.198006
c625 0.039943 0.011055 6.382006 -2.813641 0.198235
c626 0.040004 0.011028 9.929337 0.861693 0.198245
c627 0.042302 0.010775 -12.139713 -0.200070 0.198739
c628 0.036107 0.010672 -13.304461 2.866793 0.199249
c629 0.034486 0.011022 -11.221558 9.105361 0.199371
c630 0.033602 0.011739 -4.052908 2.105013 0.199450
c631 0.033322 0.011884 -0.986807 1.567874 0.199519
c632 0.032352 0.013425 0.139572 4.084300 0.200502
c633 0.032474 0.016999 1.842341 2.056948 0.201377
c634 0.032881 0.017453 2.056022 5.884731 0.201597
c635 0.033230 0.018452 7.482205 4.790244 0.201767
c636 0.033796 0.018814 3.937674 -1.706745 0.201843
c637 0.035680 0.017998 -0.369307 -5.656198 0.202321
c638 0.035638 0.017354 0.771034 1.249703 0.202435
c639 0.036067 0.018049 -4.633936 0.130977 0.202992
c640 0.034437 0.018095 -4.996204 -0.146310 0.203344
c641 0.033571 0.018070 -1.236610 5.243935 0.203517
c642 0.033459 0.018547 -2.063734 3.954222 0.203608
c643 0.033348 0.018758 -5.266273 -1.444111 0.203661
c644 0.030236 0.017904 -1.309377 2.205283 0.204252
c645 0.030207 0.017952 2.604515 1.777756 0.204274
c646 0.031184 0.018619 2.462784 3.861615 0.204649
c647 0.031313 0.018821 0.910300 -1.231067 0.204701
c648 0.031553 0.018497 -3.827967 -3.732986 0.204964
c649 0.031321 0.018271 -1.546310 -3.310832 0.205025
c650 0.030990 0.017561 0.739973 -6.659867 0.205239
c651 0.031170 0.015941 0.123506 -3.527848 0.205483
c652 0.031203 0.014988 -5.784876 -8.928905 0.205753
c653 0.028549 0.010892 -4.447846 -7.081439 0.206212
c654 0.028198 0.010333 -6.884667 -7.609987 0.206290
c655 0.026306 0.008241 -0.314651 -5.622225 0.206565
c656 0.026056 0.003784 4.063308 -3.581504 0.207358
c657 0.026341 0.003533 -4.053668 -2.085430 0.207428
c658 0.025953 0.003334 -1.058319 -6.081760 0.207524
c659 0.025863 0.002815 -3.398704 -5.021810 0.207609
c660 0.025482 0.002252 -5.097852 3.948845 0.207721
c661 0.019354 0.006998 1.227878 0.868500 0.208923
c662 0.020202 0.007598 3.254392 -2.051844 0.209614
c663 0.020918 0.007147 -1.120323 -0.939435 0.209834
c664 0.020596 0.006877 2.022439 1.238208 0.210122
c665 0.021622 0.007505 -0.325669 2.329635 0.210629
c666 0.021615 0.007554 -0.638687 2.103667 0.210650
c667 0.021064 0.009368 0.576217 -1.193328 0.211513
c668 0.021244 0.008996 1.188693 -1.166396 0.211825
c669 0.021369 0.008873 -2.134422 -3.537442 0.211930
c670 0.021278 0.008722 -3.325536 -3.583969 0.211972
c671 0.020585 0.007975 3.569923 1.033539 0.212181
c672 0.020699 0.008008 8.633446 6.785459 0.212213
c673 0.021205 0.008406 4.521197 1.826833 0.212271
c674 0.021287 0.008439 7.961627 -6.157401 0.212289
c675 0.022817 0.007256 7.935988 -2.333833 0.212482
c676 0.023779 0.006973 3.316831 2.326225 0.212603
