c1 0.000000 0.000000 0.261871 4.469474 0.000230
c2 0.000021 0.000350 -2.220307 -1.507880 0.000308
c3 -0.000123 0.000253 -2.043671 -2.864699 0.000373
c4 -0.000561 -0.000361 -1.498001 1.089267 0.000587
c5 -0.000758 -0.000217 0.980299 4.585210 0.000719
c6 -0.000713 -0.000006 -1.599141 4.555955 0.000765
c7 -0.001387 0.001915 -2.558576 3.945694 0.001186
c8 -0.001603 0.002248 -7.325668 5.983677 0.001271
c9 -0.001819 0.002424 -2.159804 2.896353 0.001300
c10 -0.002433 0.003248 -1.558510 1.969816 0.001585
c11 -0.007151 0.009211 -2.958950 -0.163003 0.004612
c12 -0.007362 0.009199 0.954049 -3.293944 0.004683
c13 -0.006765 0.007139 -0.174892 -1.264405 0.005308
c14 -0.006778 0.007049 4.867938 -1.112830 0.005380
c15 -0.003062 0.006200 4.918705 -3.705749 0.006143
c16 -0.002710 0.005935 2.826990 -3.596062 0.006214
c17 -0.002226 0.005318 1.621914 -2.409203 0.006386
c18 -0.001365 0.004039 0.596244 1.726297 0.006917
c19 -0.001243 0.004391 -6.457056 -0.231510 0.007120
c20 -0.005156 0.004250 0.934374 0.472881 0.007726
c21 -0.005113 0.004272 -0.098420 -2.525543 0.007772
c22 -0.005140 0.003597 -2.063121 -3.051394 0.008040
c23 -0.005807 0.002610 -5.023458 -5.408512 0.008363
c24 -0.006174 0.002215 -0.959485 -4.000677 0.008436
c25 -0.006182 0.002181 -3.113031 -6.777389 0.008445
c26 -0.007287 -0.000224 -6.191747 -7.932465 0.008800
c27 -0.008643 -0.001961 -5.226133 -3.445924 0.009019
c28 -0.009923 -0.002805 -1.069123 -1.953390 0.009263
c29 -0.010117 -0.003161 3.628591 0.740951 0.009445
c30 -0.008113 -0.002751 8.929236 -2.458138 0.009998
c31 -0.007702 -0.002864 4.592234 -3.415167 0.010044
c32 -0.007338 -0.003135 2.880273 -3.120050 0.010123
c33 -0.006714 -0.003811 0.860206 -6.090200 0.010340
c34 -0.006318 -0.006616 -1.761297 -0.320231 0.010800
c35 -0.007527 -0.006836 -0.299572 -0.100116 0.011487
c36 -0.007712 -0.006897 0.125113 -1.811855 0.012106
c37 -0.007643 -0.007889 3.502069 -1.504206 0.012653
c38 -0.004983 -0.009032 -0.890209 0.397722 0.013413
c39 -0.005001 -0.009024 1.605472 0.492617 0.013433
c40 -0.004888 -0.008989 1.484295 4.701043 0.013503
c41 -0.004425 -0.007523 4.277270 -0.449828 0.013815
c42 0.000569 -0.008048 3.640043 5.566575 0.014982
c43 0.001951 -0.005933 4.135187 8.124649 0.015362
c44 0.002735 -0.004394 2.950573 4.568074 0.015552
c45 0.004887 -0.001062 8.783062 0.715833 0.016281
c46 0.005751 -0.000991 9.484337 -1.352638 0.016380
c47 0.009774 -0.001565 4.880404 -8.531419 0.016804
c48 0.012328 -0.006030 -0.700661 -3.961986 0.017327
c49 0.012163 -0.006962 -4.566150 -5.364565 0.017562
c50 0.011861 -0.007318 4.131099 -7.963132 0.017629
c51 0.012443 -0.008440 -4.251593 -7.404297 0.017770
c52 0.011129 -0.010728 -8.059272 -3.196834 0.018079
c53 0.000423 -0.014974 -0.716291 -8.495425 0.019407
c54 0.000355 -0.015782 2.480079 -2.336868 0.019502
c55 0.000812 -0.016213 -2.145649 -5.905217 0.019686
c56 0.000136 -0.018074 -2.598066 3.929974 0.020001
c57 -0.000098 -0.017720 -5.035420 -0.459031 0.020092
c58 -0.001301 -0.017829 -5.304590 1.183804 0.020330
c59 -0.001573 -0.017768 -4.118475 2.978038 0.020382
c60 -0.001758 -0.017635 -2.163420 2.495837 0.020426
c61 -0.001880 -0.017495 -3.472324 -1.326764 0.020483
c62 -0.002563 -0.017756 -3.562517 -2.321111 0.020680
c63 -0.003116 -0.018116 -2.234404 -0.583590 0.020835
c64 -0.003163 -0.018129 -4.248607 6.122039 0.020856
c65 -0.003168 -0.018121 -4.885907 -1.212966 0.020857
c66 -0.003512 -0.018207 3.949344 1.201193 0.020927
c67 -0.003037 -0.018062 4.367447 0.172623 0.021048
c68 -0.002958 -0.018059 1.255444 -5.353384 0.021066
c69 -0.002866 -0.018453 7.455674 -7.303221 0.021139
c70 -0.001861 -0.019438 1.950712 0.279637 0.021274
c71 0.000083 -0.019159 -9.834912 -1.277976 0.022270
c72 -0.005512 -0.019886 -5.460098 -1.881456 0.022839
c73 -0.012153 -0.022175 -3.661524 0.673938 0.024055
c74 -0.012359 -0.022137 0.013462 -2.029006 0.024111
c75 -0.012353 -0.022961 0.277437 4.441209 0.024517
c76 -0.012125 -0.019302 5.641073 3.580757 0.025341
c77 -0.009402 -0.017574 7.570737 2.108786 0.025824
c78 -0.007391 -0.017014 4.373560 7.419394 0.026090
c79 -0.006043 -0.014728 7.991319 -0.386038 0.026398
c80 -0.004564 -0.014799 1.378504 2.817731 0.026583
c81 -0.003575 -0.012778 5.429105 -2.352648 0.027300
c82 -0.001096 -0.013852 -5.135623 -5.325699 0.027757
c83 -0.001628 -0.014404 -2.475511 -9.849176 0.027860
c84 -0.001996 -0.015870 -6.332836 -12.887601 0.028009
c85 -0.002039 -0.015957 0.142813 -7.131610 0.028016
c86 -0.002025 -0.016633 -3.016414 -4.940472 0.028111
c87 -0.002445 -0.017321 0.108466 -6.754437 0.028250
c88 -0.002407 -0.019710 -2.519184 0.831977 0.028604
c89 -0.004189 -0.019121 -8.525666 2.583790 0.029311
c90 -0.004838 -0.018924 -1.859122 4.122863 0.029387
c91 -0.004945 -0.018686 13.739704 -2.575451 0.029445
c92 -0.002588 -0.019128 9.798448 8.722765 0.029616
c93 -0.001589 -0.018239 7.244703 1.902255 0.029718
c94 -0.001574 -0.018235 -0.463897 8.359757 0.029720
c95 -0.001590 -0.017934 0.351641 0.177472 0.029756
c96 -0.001546 -0.017912 3.681058 2.560976 0.029883
c97 -0.001222 -0.017686 3.911697 7.367798 0.029970
c98 -0.001168 -0.017584 6.793243 -3.905732 0.029984
c99 -0.000956 -0.017706 5.537367 -6.791387 0.030016
c100 -0.000841 -0.017847 5.734625 -4.664337 0.030036
c101 0.001804 -0.019998 0.084551 -6.121603 0.030498
c102 0.001858 -0.023926 -5.908408 -2.180619 0.031139
c103 -0.000449 -0.024777 -0.964197 0.088770 0.031530
c104 -0.000896 -0.024736 -1.450820 7.110160 0.031993
c105 -0.000918 -0.024625 -6.598506 0.832469 0.032008
c106 -0.002393 -0.024439 3.731937 -0.188753 0.032232
c107 -0.000876 -0.024516 -1.847889 -0.265782 0.032638
c108 -0.001589 -0.024618 -4.517437 -3.883356 0.033024
c109 -0.002801 -0.025660 -10.858282 2.692942 0.033293
c110 -0.005251 -0.025053 -4.300108 2.814866 0.033518
c111 -0.009086 -0.022542 0.906648 4.326618 0.034410
c112 -0.008606 -0.020251 -4.413688 -2.918901 0.034940
c113 -0.008624 -0.020263 3.257465 0.360589 0.034944
c114 -0.004006 -0.019752 4.963499 -5.834405 0.036361
c115 -0.003472 -0.020380 9.197977 2.312508 0.036469
c116 -0.001467 -0.019876 10.993063 -1.247843 0.036687
c117 -0.000759 -0.019956 8.050398 3.110770 0.036751
c118 0.005696 -0.017462 4.874439 2.651022 0.037553
c119 0.005973 -0.017311 7.402921 -1.373600 0.037610
c120 0.007610 -0.017615 2.028208 -5.643957 0.037831
c121 0.008041 -0.018816 -5.712537 -4.962253 0.038044
c122 0.006937 -0.019776 -5.532053 -8.206958 0.038237
c123 0.006877 -0.019864 -5.490909 -9.045311 0.038248
c124 0.005446 -0.022221 1.451792 -12.927428 0.038509
c125 0.006111 -0.028135 -2.464954 -13.292699 0.038966
c126 0.005714 -0.030275 -4.968097 -5.707036 0.039127
c127 0.003504 -0.032813 2.269224 -1.162379 0.039572
c128 0.004426 -0.033286 4.643370 -4.807282 0.039978
c129 0.004742 -0.033613 -7.195818 5.386687 0.040046
c130 0.001859 -0.031455 -11.523280 3.726505 0.040447
c131 -0.001309 -0.030431 -4.355213 6.351652 0.040722
c132 -0.002788 -0.028273 -8.843872 0.926283 0.041062
c133 -0.002955 -0.028256 -2.570449 -2.691817 0.041081
c134 -0.003600 -0.028931 -4.570976 1.201248 0.041331
c135 -0.005160 -0.028521 -10.474794 4.804317 0.041673
c136 -0.011663 -0.025539 -0.460272 2.009711 0.042294
c137 -0.012096 -0.023649 -3.228410 -0.072150 0.043234
c138 -0.012601 -0.023660 -1.566389 2.257891 0.043390
c139 -0.012863 -0.023281 1.671242 -2.415659 0.043558
c140 -0.012710 -0.023504 -0.451741 2.474912 0.043650
c141 -0.012759 -0.023235 -2.947138 6.750343 0.043759
c142 -0.014188 -0.019960 -4.024826 7.528004 0.044244
c143 -0.015798 -0.016950 -1.521074 8.344225 0.044644
c144 -0.015861 -0.016605 0.961280 6.276988 0.044685
c145 -0.015831 -0.016412 -0.778310 5.954457 0.044716
c146 -0.016059 -0.014668 0.560592 1.211078 0.045009
c147 -0.015967 -0.014469 -1.375537 2.540023 0.045173
c148 -0.016063 -0.014292 0.462532 -2.194527 0.045243
c149 -0.015626 -0.016364 -4.105415 -4.050451 0.046187
c150 -0.015919 -0.016653 -1.183906 3.846370 0.046258
c151 -0.016399 -0.015093 2.667809 5.838691 0.046664
c152 -0.016338 -0.014960 6.033652 2.931710 0.046687
c153 -0.015955 -0.014774 2.774113 1.003317 0.046750
c154 -0.015573 -0.014636 3.724607 0.389145 0.046888
c155 -0.013334 -0.014402 -0.926907 0.773111 0.047489
c156 -0.014399 -0.013514 6.275846 -3.876397 0.048637
c157 -0.012456 -0.014715 -1.514225 7.754966 0.048947
c158 -0.012884 -0.012522 5.223189 -0.664537 0.049230
c159 -0.011740 -0.012667 8.764420 -1.889970 0.049449
c160 -0.010037 -0.013034 8.014677 2.951667 0.049643
c161 -0.009434 -0.012812 9.122436 7.178259 0.049718
c162 -0.007260 -0.011102 8.395810 10.826684 0.049957
c163 -0.006188 -0.009719 1.509329 -5.169143 0.050084
c164 -0.005009 -0.013757 -3.334104 -4.117133 0.050866
c165 -0.005321 -0.014142 0.834999 -5.094322 0.050959
c166 -0.005310 -0.014210 -0.275047 0.350736 0.050973
c167 -0.005367 -0.014136 -5.063428 8.664084 0.051183
c168 -0.005495 -0.013918 -4.625969 0.010326 0.051208
c169 -0.007576 -0.013913 -8.095506 -0.672515 0.051658
c170 -0.009034 -0.014034 -4.752967 -3.340177 0.051838
c171 -0.009274 -0.014203 -0.562543 -0.548479 0.051889
c172 -0.009567 -0.014489 -2.601135 1.645630 0.052410
c173 -0.010745 -0.013743 3.743955 -4.504780 0.052863
c174 -0.006863 -0.018415 4.174699 -6.303548 0.053899
c175 -0.006368 -0.019162 -2.072155 -3.804807 0.054018
c176 -0.006916 -0.020169 -2.144647 1.490971 0.054283
c177 -0.007077 -0.020057 -1.705997 -1.100148 0.054358
c178 -0.007152 -0.020105 -1.910760 2.745555 0.054401
c179 -0.007496 -0.019610 -0.076641 9.624468 0.054582
c180 -0.007501 -0.019076 -0.427250 2.010271 0.054637
c181 -0.007547 -0.018858 -5.671761 7.008300 0.054746
c182 -0.007742 -0.018617 -8.931234 -4.544737 0.054780
c183 -0.009633 -0.019580 -2.366239 -13.003365 0.054992
c184 -0.009988 -0.021532 -6.125392 -9.316355 0.055142
c185 -0.010303 -0.022010 -5.575298 -6.585986 0.055193
c186 -0.010999 -0.022833 0.740608 -3.175843 0.055318
c187 -0.010997 -0.022840 -2.869634 0.517749 0.055320
c188 -0.011632 -0.022725 -7.278942 -2.423111 0.055542
c189 -0.012881 -0.023141 6.635728 1.694055 0.055713
c190 -0.007760 -0.021833 -1.283682 0.839977 0.056485
c191 -0.008439 -0.021388 0.158828 -7.178585 0.057015
c192 -0.008378 -0.024180 0.580157 -1.169353 0.057404
c193 -0.008355 -0.024226 -1.639368 -9.176800 0.057443
c194 -0.009193 -0.028918 -5.130652 0.385029 0.057954
c195 -0.009268 -0.028913 1.245042 4.851423 0.057969
c196 -0.009226 -0.028747 8.607669 0.960750 0.058003
c197 -0.005385 -0.028319 6.263654 -3.882768 0.058449
c198 -0.002791 -0.029926 1.870329 3.507793 0.058864
c199 -0.001797 -0.028062 2.029305 6.067517 0.059395
c200 -0.001385 -0.026830 -1.076926 6.073936 0.059598
c201 -0.002479 -0.020661 -3.180011 9.775028 0.060614
c202 -0.004265 -0.015170 4.026681 0.498873 0.061176
c203 -0.002181 -0.014912 5.673055 -0.486441 0.061693
c204 0.000323 -0.015127 1.484074 3.465164 0.062134
c205 0.001223 -0.013027 -5.304914 -4.650472 0.062741
c206 -0.001270 -0.015212 -0.460357 -2.377221 0.063210
c207 -0.001382 -0.015789 8.083115 -4.366310 0.063453
c208 0.001751 -0.017481 0.925821 -6.416452 0.063841
c209 0.002324 -0.021453 -5.276263 -3.633446 0.064460
c210 -0.009497 -0.029593 -6.043086 -0.699518 0.066700
c211 -0.009910 -0.029641 -3.470583 -1.376755 0.066769
c212 -0.010038 -0.029692 -3.103875 -4.478339 0.066805
c213 -0.010271 -0.030028 -6.938341 -1.797574 0.066880
c214 -0.012660 -0.030647 1.857913 -6.825023 0.067225
c215 -0.012650 -0.030685 10.825320 -3.632906 0.067231
c216 -0.008309 -0.032142 13.725158 0.523055 0.067632
c217 -0.007659 -0.032117 5.007007 -4.098521 0.067679
c218 -0.006700 -0.032902 4.335230 -3.413831 0.067870
c219 -0.005431 -0.033902 3.595421 -7.268639 0.068163
c220 -0.002869 -0.039081 -3.542276 2.933434 0.068876
c221 -0.005319 -0.037052 -8.277821 -1.589076 0.069567
c222 -0.006509 -0.037281 -4.503656 -6.136375 0.069711
c223 -0.007262 -0.038307 -0.366639 -1.149849 0.069878
c224 -0.007305 -0.038443 1.388358 0.237178 0.069997
c225 -0.005648 -0.038160 -6.864793 1.640594 0.071191
c226 -0.013883 -0.036192 -4.030438 -0.213155 0.072390
c227 -0.016383 -0.036324 -6.303754 3.211865 0.073010
c228 -0.016581 -0.036223 -3.777257 -2.099580 0.073042
c229 -0.017073 -0.036497 -0.517620 1.881487 0.073172
c230 -0.017201 -0.036033 -4.554831 3.888415 0.073419
c231 -0.019840 -0.033780 1.714741 0.693702 0.073998
c232 -0.019836 -0.033778 -4.208810 0.575168 0.074000
c233 -0.023559 -0.033269 -5.545712 -5.270049 0.074885
c234 -0.024170 -0.033850 -3.104823 -0.483630 0.074995
c235 -0.024708 -0.033934 1.205879 5.320801 0.075168
c236 -0.024348 -0.032345 -1.888044 3.904660 0.075467
c237 -0.024376 -0.032287 2.299131 3.072158 0.075482
c238 -0.022832 -0.030224 8.089290 2.034105 0.076153
c239 -0.022363 -0.030106 0.972138 3.591374 0.076211
c240 -0.021853 -0.028224 1.551744 1.418511 0.076735
c241 -0.021777 -0.028155 -4.832806 8.355830 0.076784
c242 -0.022059 -0.027667 -4.260396 6.522721 0.076842
c243 -0.023063 -0.026131 7.842061 4.141782 0.077078
c244 -0.019538 -0.024269 14.597411 0.257691 0.077527
c245 -0.016424 -0.024214 8.381938 -0.966120 0.077741
c246 -0.014703 -0.024412 -1.625502 -0.390892 0.077946
c247 -0.016010 -0.024727 -2.780119 -4.639613 0.078750
c248 -0.016162 -0.024980 10.143416 -3.471892 0.078805
c249 -0.014823 -0.025438 2.252214 2.455769 0.078937
c250 -0.013599 -0.024104 6.585853 -1.009226 0.079480
c251 -0.012176 -0.024322 0.689828 3.986692 0.079696
c252 -0.011914 -0.022808 3.602155 4.887254 0.080076
c253 -0.011475 -0.022213 4.807280 -2.111383 0.080198
c254 -0.011058 -0.022396 1.810966 -6.074357 0.080285
c255 -0.010973 -0.022682 4.078552 -7.378948 0.080332
c256 -0.010800 -0.022995 -0.994680 -6.260715 0.080374
c257 -0.010910 -0.023689 -4.462414 -4.699929 0.080485
c258 -0.011172 -0.023964 -9.482111 -4.922548 0.080543
c259 -0.011240 -0.024000 -6.350621 -6.965788 0.080551
c260 -0.012052 -0.024890 -3.073517 -6.222287 0.080678
c261 -0.012713 -0.026229 -0.788384 0.429611 0.080894
c262 -0.012790 -0.026187 0.312893 6.756051 0.080991
c263 -0.012744 -0.025203 3.848565 1.236349 0.081137
c264 -0.011288 -0.024735 0.059297 5.336594 0.081516
c265 -0.011264 -0.022575 -4.624531 4.596951 0.081920
c266 -0.012066 -0.021777 -3.639269 3.171983 0.082094
c267 -0.014416 -0.019730 7.534053 3.598579 0.082739
c268 -0.012512 -0.018820 1.031002 1.472866 0.082992
c269 -0.012222 -0.018405 -1.029229 3.804355 0.083274
c270 -0.012432 -0.017627 -0.713103 6.503649 0.083478
c271 -0.012440 -0.017553 -7.216341 5.998825 0.083490
c272 -0.017496 -0.013351 -0.385177 7.282876 0.084190
c273 -0.017617 -0.011049 -4.587339 8.549892 0.084506
c274 -0.018675 -0.009078 -6.016215 8.670604 0.084737
c275 -0.020879 -0.005901 -4.667288 10.504397 0.085103
c276 -0.022696 -0.001813 -2.514723 9.314694 0.085492
c277 -0.022736 -0.001663 -1.987140 7.509374 0.085508
c278 -0.023561 0.001456 1.969666 1.448353 0.085924
c279 -0.022679 0.002104 4.850944 0.742143 0.086371
c280 -0.022294 0.002163 2.932104 -4.077366 0.086451
c281 -0.021026 0.000400 -2.657336 -3.438306 0.086883
c282 -0.022050 -0.000924 -6.100520 -2.343139 0.087269
c283 -0.022958 -0.001273 -0.681416 4.979543 0.087418
c284 -0.023118 -0.000103 -1.075581 3.834088 0.087653
c285 -0.023149 0.000008 0.167406 1.964204 0.087681
c286 -0.023139 0.000127 4.742431 5.549490 0.087742
c287 -0.020317 0.003429 1.961652 0.697550 0.088337
c288 -0.020030 0.003531 -2.112078 1.744223 0.088484
c289 -0.021225 0.004518 4.621582 -6.208013 0.089049
c290 -0.020445 0.003470 -0.400843 -7.676277 0.089218
c291 -0.020609 0.000320 -1.416839 -10.863859 0.089629
c292 -0.022101 -0.011122 -4.476518 -14.496589 0.090682
c293 -0.023066 -0.014246 -9.751017 -9.667388 0.090897
c294 -0.023704 -0.014879 -7.081210 -13.288223 0.090963
c295 -0.024197 -0.015802 -4.383311 -7.216441 0.091032
c296 -0.024555 -0.016393 -2.504874 -4.526824 0.091114
c297 -0.024607 -0.016487 -5.653772 -6.030447 0.091135
c298 -0.025097 -0.017009 0.950339 -3.380602 0.091221
c299 -0.024630 -0.018670 0.068795 -2.050572 0.091713
c300 -0.024619 -0.018990 -5.940403 -1.820266 0.091869
c301 -0.025903 -0.019383 -1.066016 -3.663566 0.092085
c302 -0.025960 -0.019578 -0.073868 -1.672103 0.092138
c303 -0.025961 -0.019607 -1.470741 0.755890 0.092155
c304 -0.026254 -0.019457 -3.793303 -4.360487 0.092354
c305 -0.027196 -0.020540 4.183982 -2.942674 0.092603
c306 -0.027037 -0.020651 4.510791 -4.700319 0.092641
c307 -0.026217 -0.021506 4.838150 2.230387 0.092823
c308 -0.024007 -0.020487 3.216632 -0.531720 0.093279
c309 -0.023768 -0.020527 1.534067 0.422051 0.093354
c310 -0.023384 -0.020421 1.306663 0.161537 0.093604
c311 -0.022846 -0.020354 2.384104 9.906952 0.094016
c312 -0.022819 -0.020244 -2.030166 15.638033 0.094027
c313 -0.023254 -0.016900 -6.802383 12.664910 0.094241
c314 -0.023486 -0.016467 -4.573208 14.018200 0.094275
c315 -0.024221 -0.014213 -2.310110 5.103447 0.094436
c316 -0.024678 -0.013204 1.093347 4.054398 0.094633
c317 -0.024381 -0.012102 2.774898 -1.338826 0.094905
c318 -0.023215 -0.012664 4.299983 1.203429 0.095325
c319 -0.021904 -0.012297 5.966304 0.897402 0.095630
c320 -0.020751 -0.012124 9.254732 -2.992591 0.095824
c321 -0.020124 -0.012327 6.248816 -5.988639 0.095891
c322 -0.016903 -0.015414 4.585212 -3.521798 0.096407
c323 -0.014783 -0.017042 -4.894647 -1.979150 0.096869
c324 -0.016523 -0.017745 -2.506721 -0.790937 0.097224
c325 -0.017266 -0.017979 1.232559 4.184260 0.097521
c326 -0.016668 -0.015950 2.547803 3.464086 0.098006
c327 -0.013782 -0.012027 0.809954 0.258021 0.099138
c328 -0.013511 -0.011940 -3.115384 1.047746 0.099474
c329 -0.014011 -0.011772 -8.203658 -1.724977 0.099634
c330 -0.014390 -0.011851 0.806370 -4.716573 0.099681
c331 -0.014134 -0.013348 4.685364 -2.831963 0.099998
c332 -0.014110 -0.013363 3.928523 1.719463 0.100003
c333 -0.013690 -0.013179 0.066802 -1.673057 0.100110
c334 -0.013673 -0.013605 -1.743653 -0.705225 0.100365
c335 -0.014417 -0.013906 0.432818 2.253342 0.100791
c336 -0.014012 -0.011798 -0.783754 -7.032921 0.101727
c337 -0.014592 -0.017000 -7.271923 -7.622876 0.102466
c338 -0.018311 -0.020898 2.519185 -0.998475 0.102978
c339 -0.017714 -0.021135 1.321253 -5.936228 0.103215
c340 -0.016723 -0.025589 0.485205 -11.376710 0.103965
c341 -0.016642 -0.027485 1.368154 -3.048574 0.104132
c342 -0.016110 -0.028670 3.751876 3.997262 0.104520
c343 -0.015772 -0.028310 -3.155500 9.013745 0.104610
c344 -0.016311 -0.026770 -3.588053 3.809770 0.104781
c345 -0.016684 -0.026375 2.343206 1.601195 0.104885
c346 -0.014807 -0.025092 4.712162 1.030427 0.105686
c347 -0.014269 -0.024975 4.544097 3.697698 0.105800
c348 -0.011854 -0.023009 3.743137 4.917387 0.106332
c349 -0.010470 -0.021191 10.597775 1.222376 0.106701
c350 -0.008818 -0.021001 0.713212 -0.298166 0.106857
c351 -0.008700 -0.021050 7.723798 -2.982616 0.107022
c352 -0.007989 -0.021325 10.264631 -2.420848 0.107114
c353 -0.006731 -0.021621 0.906170 -1.792822 0.107237
c354 -0.006563 -0.021953 2.652699 -1.678930 0.107421
c355 -0.005412 -0.022681 2.939358 -0.036808 0.107855
c356 -0.005186 -0.022684 -1.044336 -3.847383 0.107932
c357 -0.005432 -0.023592 4.942050 -5.099483 0.108168
c358 -0.005305 -0.023723 4.987682 -4.274795 0.108194
c359 -0.004789 -0.024165 7.402572 -3.117894 0.108297
c360 -0.001338 -0.025619 1.481224 -0.002371 0.108764
c361 -0.001215 -0.025619 5.281432 1.703707 0.108847
c362 0.002301 -0.024485 -1.589601 4.954767 0.109512
c363 0.000766 -0.019702 1.603922 -5.869551 0.110478
c364 0.000823 -0.019912 1.590715 -10.635478 0.110514
c365 0.002183 -0.029002 2.690907 -7.316876 0.111368
c366 0.002352 -0.029462 1.339457 -5.724674 0.111431
c367 0.003006 -0.032257 1.158951 -3.247178 0.111919
c368 0.003414 -0.033399 -1.157997 1.099791 0.112271
c369 0.002859 -0.032872 2.323481 -1.464135 0.112750
c370 0.003202 -0.033088 8.080988 -4.205732 0.112898
c371 0.003896 -0.033449 7.117842 -4.814925 0.112984
c372 0.005675 -0.034653 -2.428865 -0.884026 0.113234
c373 0.005594 -0.034682 -0.294991 -0.354024 0.113267
c374 0.005482 -0.034816 -4.818569 2.926552 0.113645
c375 0.005170 -0.034626 -6.042088 9.076147 0.113710
c376 0.004589 -0.033754 -0.362954 2.666949 0.113806
c377 0.004324 -0.031802 1.134821 4.629396 0.114538
c378 0.005152 -0.028424 3.551785 4.621935 0.115268
c379 0.006916 -0.026127 6.282422 1.138936 0.115765
c380 0.007319 -0.026054 5.603581 4.368410 0.115829
c381 0.008976 -0.024762 6.903907 -2.686371 0.116125
c382 0.009408 -0.024930 -0.792377 0.383668 0.116187
c383 0.008930 -0.024699 -3.038587 1.930630 0.116789
c384 0.007831 -0.024001 1.314184 5.477202 0.117151
c385 0.009122 -0.018618 -8.957480 8.140179 0.118134
c386 0.009063 -0.018565 -10.480621 6.572344 0.118141
c387 0.008494 -0.018208 -7.530461 1.165948 0.118195
c388 0.007676 -0.018081 1.511917 3.275300 0.118303
c389 0.008220 -0.016904 -5.537073 1.766874 0.118663
c390 0.004608 -0.015751 -1.228773 -3.991418 0.119315
c391 0.004479 -0.016173 0.303184 0.320247 0.119421
c392 0.004808 -0.015825 -2.272306 1.504518 0.120506
c393 0.004791 -0.015814 -0.040674 -2.462194 0.120513
c394 0.004786 -0.016103 -3.225714 -7.768837 0.120630
c395 0.004298 -0.017278 -5.455990 0.599952 0.120782
c396 0.003066 -0.017143 -4.010702 -1.567576 0.121008
c397 0.000857 -0.018006 -4.290587 4.846854 0.121558
c398 -0.005262 -0.011094 2.518378 6.235362 0.122984
c399 -0.004994 -0.010432 6.780740 3.272776 0.123091
c400 -0.004022 -0.009962 2.395597 -0.767809 0.123234
c401 -0.001896 -0.010644 0.261250 4.000692 0.124122
c402 -0.001882 -0.010432 -1.799926 2.576579 0.124175
c403 -0.002633 -0.009357 -4.380163 2.274527 0.124592
c404 -0.005050 -0.008102 -7.146699 -1.378937 0.125143
c405 -0.005317 -0.008154 -7.018241 5.235050 0.125181
c406 -0.007870 -0.006250 -4.345939 4.390085 0.125545
c407 -0.010182 -0.003915 -3.099695 4.478971 0.126077
c408 -0.010285 -0.003766 -0.942337 4.793285 0.126110
c409 -0.010494 -0.002702 3.992300 -1.700833 0.126332
c410 -0.010296 -0.002786 -2.966872 -5.561386 0.126381
c411 -0.011092 -0.004279 -3.937161 -6.302880 0.126650
c412 -0.011485 -0.004908 -3.236000 -6.494874 0.126749
c413 -0.013948 -0.009852 -2.826239 -6.233696 0.127511
c414 -0.014904 -0.011960 -8.446957 -1.384921 0.127849
c415 -0.015470 -0.012053 -1.710372 3.061763 0.127916
c416 -0.015641 -0.011748 2.190443 2.338683 0.128015
c417 -0.015572 -0.011675 3.667681 -3.073182 0.128047
c418 -0.013850 -0.013117 7.388957 3.427020 0.128516
c419 -0.008870 -0.010808 5.025388 3.000786 0.129190
c420 -0.008620 -0.010658 -0.062638 4.231369 0.129240
c421 -0.008626 -0.010256 3.263307 -0.156930 0.129335
c422 -0.008258 -0.010273 7.184718 3.242217 0.129448
c423 -0.007174 -0.009784 1.481303 0.756477 0.129599
c424 -0.005179 -0.008765 4.860008 1.748525 0.130945
c425 -0.004848 -0.008646 6.884724 3.206271 0.131014
c426 -0.002169 -0.007398 2.832511 -1.674098 0.131403
c427 -0.001806 -0.007613 1.197661 0.180808 0.131531
c428 -0.001486 -0.007565 3.608420 -0.991869 0.131798
c429 0.001397 -0.008357 4.610853 1.332611 0.132597
c430 0.003266 -0.007817 3.714772 -2.135078 0.133002
c431 0.004083 -0.008286 2.302473 2.767425 0.133222
c432 0.004336 -0.007983 5.626340 -1.334158 0.133332
c433 0.005186 -0.008184 6.338911 -3.964820 0.133483
c434 0.011902 -0.012385 -5.482757 -2.166645 0.134543
c435 0.010915 -0.012775 1.511758 -1.424716 0.134723
c436 0.011082 -0.012933 -0.218828 -2.810307 0.134833
c437 0.011074 -0.013037 -0.411741 -0.271238 0.134870
c438 0.010943 -0.013124 -3.760364 0.722428 0.135189
c439 0.009692 -0.012883 1.721320 5.503924 0.135522
c440 0.009807 -0.012515 1.776281 -4.221884 0.135589
c441 0.010929 -0.015181 5.032690 -4.524950 0.136220
c442 0.011363 -0.015571 9.604623 0.215340 0.136307
c443 0.015502 -0.015478 6.399062 0.458681 0.136738
c444 0.017337 -0.015347 -0.119944 3.648268 0.137024
c445 0.017320 -0.014823 -2.387650 -3.261530 0.137168
c446 0.017285 -0.014870 4.252043 -5.726955 0.137183
c447 0.019372 -0.017681 -5.846221 -7.673983 0.137673
c448 0.012165 -0.027141 -3.670891 -5.844646 0.138906
c449 0.007808 -0.034077 -1.233957 -0.595429 0.140093
c450 0.007581 -0.034187 -0.513916 -6.339630 0.140277
c451 0.007342 -0.037145 -1.006517 -7.406257 0.140743
c452 0.007262 -0.037729 4.763811 -1.561424 0.140822
c453 0.009510 -0.038466 -0.618472 -0.064825 0.141294
c454 0.009178 -0.038501 -2.218191 -1.588380 0.141832
c455 0.007258 -0.039876 -2.425844 -4.345817 0.142697
c456 0.006514 -0.041208 -3.497526 -3.148300 0.143004
c457 0.005673 -0.041965 -3.711134 -1.215887 0.143244
c458 0.002593 -0.042974 1.912540 0.826184 0.144075
c459 0.003601 -0.042539 1.282804 0.978051 0.144602
c460 0.003685 -0.042475 -2.752933 1.763058 0.144667
c461 0.003593 -0.042416 2.746395 -5.883915 0.144701
c462 0.004092 -0.043485 6.813089 -4.384983 0.144882
c463 0.005894 -0.044572 2.570812 5.717302 0.145148
c464 0.008497 -0.038784 8.732103 5.699987 0.146161
c465 0.010388 -0.037549 6.896139 6.251018 0.146377
c466 0.011327 -0.036698 2.896527 2.690038 0.146513
c467 0.012374 -0.035726 -0.736908 2.878680 0.146875
c468 0.012062 -0.034505 0.542963 0.486163 0.147299
c469 0.012177 -0.034401 6.692259 -4.613808 0.147512
c470 0.017505 -0.038074 0.484041 -2.845718 0.148309
c471 0.017956 -0.040723 -1.241756 -3.846425 0.149239
c472 0.017580 -0.041267 -1.742639 -3.325099 0.149450
c473 0.017529 -0.041365 -0.137956 -7.663065 0.149479
c474 0.017410 -0.041336 -4.735589 3.083885 0.149511
c475 0.015784 -0.040277 -1.950136 7.121569 0.149854
c476 0.015724 -0.040058 2.200555 0.931930 0.149885
c477 0.015883 -0.039990 3.485465 2.740153 0.149957
c478 0.017854 -0.038441 0.507915 0.593439 0.150523
c479 0.017855 -0.038440 5.156281 0.610002 0.150525
c480 0.018516 -0.038362 9.271405 -2.932635 0.150653
c481 0.020648 -0.039036 5.671841 -2.032287 0.150883
c482 0.020871 -0.039116 5.398467 -4.441539 0.150922
c483 0.020745 -0.033420 -2.816905 4.767494 0.151910
c484 0.020486 -0.032982 7.640445 2.236114 0.152002
c485 0.022474 -0.032400 -0.044328 -2.470112 0.152262
c486 0.022471 -0.032581 2.100254 3.945819 0.152336
c487 0.022905 -0.031764 -3.837287 0.835610 0.152543
c488 0.022536 -0.031684 -0.145759 3.869098 0.152639
c489 0.022468 -0.029871 0.057103 5.387566 0.153107
c490 0.022473 -0.029334 1.910777 -6.074808 0.153207
c491 0.022556 -0.029596 1.946971 -2.227435 0.153250
c492 0.023215 -0.030350 -0.289014 -5.465380 0.153589
c493 0.023105 -0.032434 1.593455 -3.122218 0.153970
c494 0.023610 -0.033425 1.258812 3.191203 0.154287
c495 0.024014 -0.032402 1.482840 -1.843387 0.154608
c496 0.024045 -0.032441 1.738592 8.533505 0.154629
c497 0.024064 -0.032353 7.849642 10.442588 0.154640
c498 0.027217 -0.028157 4.798559 6.034890 0.155041
c499 0.028291 -0.026806 4.114849 6.028014 0.155265
c500 0.029001 -0.025766 -1.253094 3.363518 0.155438
c501 0.028668 -0.024872 -0.821650 2.869739 0.155704
c502 0.028566 -0.024517 3.878925 -3.117057 0.155827
c503 0.029043 -0.024900 -2.391548 -3.518744 0.155950
c504 0.027955 -0.026500 -4.610393 -0.626289 0.156405
c505 0.025603 -0.026820 -2.449303 3.616607 0.156915
c506 0.025511 -0.026685 -6.651294 -3.364657 0.156953
c507 0.024847 -0.027021 -2.492331 -1.024311 0.157053
c508 0.024033 -0.027356 -8.198738 -4.946643 0.157379
c509 0.023671 -0.027574 -5.406317 -5.600524 0.157423
c510 0.022771 -0.028506 -9.025570 -3.687789 0.157590
c511 0.019158 -0.029983 -5.048860 0.671027 0.157990
c512 0.017480 -0.029760 -11.358546 0.924771 0.158322
c513 0.016744 -0.029700 -2.527596 -2.099185 0.158387
c514 0.014797 -0.031317 -0.127333 1.742911 0.159158
c515 0.014740 -0.030536 -2.932964 4.620414 0.159606
c516 0.014681 -0.030444 3.494130 -6.343310 0.159626
c517 0.014883 -0.030811 2.756068 -5.818936 0.159684
c518 0.017104 -0.035499 1.556207 -0.207288 0.160490
c519 0.018039 -0.035624 -3.563030 1.400538 0.161090
c520 0.017483 -0.035405 -1.445441 3.474837 0.161246
c521 0.017019 -0.034290 -0.761107 4.721189 0.161567
c522 0.016657 -0.032044 4.005533 -2.081879 0.162043
c523 0.019572 -0.033559 4.891394 -6.242414 0.162771
c524 0.019975 -0.034073 4.026992 1.858236 0.162853
c525 0.020339 -0.033905 2.606482 -1.575093 0.162943
c526 0.021429 -0.034563 1.259855 7.727050 0.163361
c527 0.022388 -0.028678 0.358923 1.524273 0.164123
c528 0.022413 -0.028572 0.285980 0.989243 0.164193
c529 0.022553 -0.028088 -1.003078 5.408245 0.164682
c530 0.022379 -0.027148 -1.101294 3.824897 0.164856
c531 0.022305 -0.026894 4.274629 -0.766486 0.164922
c532 0.023369 -0.027085 5.699817 -0.188314 0.165171
c533 0.023799 -0.027099 1.229784 2.188094 0.165246
c534 0.024211 -0.026367 1.738304 0.204988 0.165581
c535 0.024341 -0.026351 5.000718 4.434322 0.165656
c536 0.024940 -0.025820 1.761392 3.299996 0.165776
c537 0.025792 -0.024223 -2.617490 -2.568576 0.166260
c538 0.025093 -0.024910 3.069166 -3.970620 0.166527
c539 0.025190 -0.025035 -0.879593 -5.523939 0.166558
c540 0.025137 -0.025370 -6.309470 -2.149422 0.166619
c541 0.019349 -0.027341 -6.836452 0.116580 0.167536
c542 0.016221 -0.027288 -2.866010 -4.263580 0.167994
c543 0.012124 -0.033383 -0.670412 -5.302794 0.169423
c544 0.011853 -0.035530 -6.448504 -7.037597 0.169828
c545 0.010465 -0.037045 -5.251603 5.663088 0.170043
c546 0.007056 -0.033369 -4.071192 -0.838948 0.170692
c547 0.006452 -0.033493 -3.112779 8.697138 0.170841
c548 0.006250 -0.032928 -1.444007 6.229317 0.170906
c549 0.005188 -0.028346 -6.377183 4.334223 0.171641
c550 0.003797 -0.027400 -5.632657 -0.211125 0.171860
c551 -0.000842 -0.027574 -4.728668 3.528058 0.172683
c552 -0.001660 -0.026964 -9.731223 6.967617 0.172856
c553 -0.001665 -0.026960 -12.978906 1.968600 0.172857
c554 -0.001904 -0.026924 -12.144215 6.509415 0.172875
c555 -0.005369 -0.025067 -3.663954 7.326670 0.173160
c556 -0.006063 -0.023678 -3.093997 0.913950 0.173350
c557 -0.006437 -0.023568 -7.977359 2.760844 0.173471
c558 -0.007463 -0.023213 -5.415092 -0.646346 0.173599
c559 -0.011746 -0.023724 -5.912487 4.183185 0.174390
c560 -0.012031 -0.023522 -3.711830 -3.558339 0.174438
c561 -0.015231 -0.026591 -2.342552 -2.739299 0.175301
c562 -0.015617 -0.027042 -4.908924 0.042310 0.175465
c563 -0.020407 -0.027001 -8.486266 -2.015542 0.176441
c564 -0.025166 -0.028131 2.051631 2.707071 0.177002
c565 -0.024134 -0.026769 1.084368 -4.524477 0.177505
c566 -0.024039 -0.027165 -6.403227 -0.752022 0.177592
c567 -0.024487 -0.027218 3.453522 -5.356387 0.177662
c568 -0.024291 -0.027522 4.334731 1.113865 0.177719
c569 -0.024011 -0.027450 8.363232 0.919480 0.177784
c570 -0.016366 -0.026610 3.266065 3.869132 0.178698
c571 -0.015892 -0.026048 1.819882 0.421650 0.178843
c572 -0.015297 -0.025910 1.048467 -2.223870 0.179170
c573 -0.014931 -0.026687 4.577874 1.814949 0.179519
c574 -0.013777 -0.026229 5.310315 -1.522474 0.179771
c575 -0.012608 -0.026565 5.172881 5.097840 0.179991
c576 -0.012099 -0.026063 1.858857 1.622155 0.180090
c577 -0.011101 -0.025193 -4.501555 -2.729393 0.180626
c578 -0.012412 -0.025987 -3.341665 -7.905000 0.180918
c579 -0.013044 -0.027483 5.582139 -2.580121 0.181107
c580 -0.011000 -0.028428 3.027449 -8.333493 0.181473
c581 -0.010554 -0.029656 5.773722 -5.008715 0.181620
c582 -0.009927 -0.030200 6.959245 -8.020772 0.181729
c583 -0.009249 -0.030981 3.696109 -9.573434 0.181826
c584 -0.009035 -0.031534 6.003519 -3.120440 0.181884
c585 -0.008577 -0.031772 5.862300 -0.033897 0.181961
c586 -0.003890 -0.031799 5.499447 -0.132197 0.182760
c587 -0.003667 -0.031805 6.727191 -6.871974 0.182801
c588 -0.003234 -0.032247 0.233887 -7.085239 0.182865
c589 -0.003204 -0.033166 -2.247315 -3.276574 0.182995
c590 -0.003408 -0.033464 -0.301891 -2.670769 0.183086
c591 -0.003474 -0.034046 4.140687 5.174706 0.183304
c592 -0.003291 -0.033817 -1.907960 8.725376 0.183348
c593 -0.003813 -0.031427 3.683373 5.148823 0.183622
c594 -0.001849 -0.028681 -1.022207 7.817055 0.184155
c595 -0.002171 -0.026219 -1.332806 8.176331 0.184470
c596 -0.002234 -0.025829 -0.795979 9.568644 0.184518
c597 -0.002285 -0.025221 6.746528 5.538519 0.184582
c598 -0.002041 -0.025021 4.567559 7.333171 0.184618
c599 0.000584 -0.020807 3.025345 6.554869 0.185192
c600 0.000731 -0.020488 0.229787 8.767810 0.185241
c601 0.000887 -0.014547 -5.233190 4.312647 0.185919
c602 -0.000116 -0.013721 -7.318982 -2.330641 0.186110
c603 -0.002538 -0.014493 0.689840 -1.644298 0.186441
c604 -0.002392 -0.014841 0.372799 -10.373942 0.186653
c605 -0.002274 -0.018125 2.605862 -4.914018 0.186969
c606 -0.000525 -0.021423 -1.971218 -2.986232 0.187640
c607 -0.001906 -0.023516 -2.160682 -4.178237 0.188341
c608 -0.002693 -0.025037 1.246408 -1.596982 0.188705
c609 -0.002267 -0.025583 4.864503 -0.622262 0.189047
c610 0.001385 -0.026050 3.299968 -1.679410 0.189798
c611 0.001940 -0.026332 5.643045 4.457814 0.189966
c612 0.002637 -0.025783 6.449278 4.234230 0.190089
c613 0.005850 -0.023673 3.632308 0.639090 0.190588
c614 0.009227 -0.023079 3.461459 -3.426741 0.191517
c615 0.009998 -0.023842 5.962359 -1.702371 0.191740
c616 0.015367 -0.025375 4.577513 4.273230 0.192640
c617 0.016115 -0.024676 9.058007 0.305304 0.192804
c618 0.019016 -0.024579 0.621537 1.849516 0.193124
c619 0.019395 -0.023450 1.661481 0.636300 0.193735
c620 0.020157 -0.023158 -1.536813 -1.684202 0.194193
c621 0.019924 -0.023413 2.342874 -2.190436 0.194345
c622 0.021113 -0.024524 7.693837 4.965892 0.194852
c623 0.021235 -0.024445 4.885598 7.432532 0.194868
c624 0.022971 -0.021803 -4.937514 1.789092 0.195223
c625 0.022114 -0.021493 3.372919 2.829818 0.195397
c626 0.024906 -0.019151 -0.330445 0.075092 0.196224
c627 0.024889 -0.019147 8.648193 2.814805 0.196277
c628 0.025767 -0.018861 2.722530 -0.319291 0.196378
c629 0.026401 -0.018936 8.729867 -3.353051 0.196611
c630 0.026941 -0.019143 4.653091 1.788676 0.196673
c631 0.030641 -0.017721 5.149358 -0.941191 0.197468
c632 0.032659 -0.018090 -4.315838 -1.445855 0.197860
c633 0.030019 -0.018974 -4.609115 1.945511 0.198472
c634 0.028734 -0.018431 -4.481829 -0.063665 0.198751
c635 0.026941 -0.018457 -3.243849 0.811405 0.199151
c636 0.026686 -0.018393 -5.830418 0.218651 0.199229
c637 0.026225 -0.018376 -4.133620 1.088062 0.199308
c638 0.025054 -0.018068 -1.508716 0.934527 0.199592
c639 0.024984 -0.018024 -2.479227 6.394508 0.199638
c640 0.024904 -0.017818 -5.802494 0.718838 0.199670
c641 0.024180 -0.017729 -3.065058 1.910222 0.199795
c642 0.021717 -0.016193 -4.424114 -0.708125 0.200599
c643 0.016508 -0.017027 -1.236314 -3.650037 0.201776
c644 0.016390 -0.017374 3.439224 -0.283508 0.201871
c645 0.017004 -0.017424 4.660301 -4.530585 0.202050
c646 0.018299 -0.018683 0.832232 -0.378275 0.202327
c647 0.018381 -0.018720 -0.706532 3.394964 0.202426
c648 0.018351 -0.018576 2.000981 0.786035 0.202469
c649 0.019878 -0.017976 4.665664 4.956885 0.203232
c650 0.020424 -0.017396 4.842908 -1.682799 0.203349
c651 0.022668 -0.018175 1.807310 -3.910861 0.203812
c652 0.022903 -0.018684 7.637148 -2.632300 0.203942
c653 0.027183 -0.020159 8.215080 -0.430652 0.204503
c654 0.029153 -0.020263 9.416550 5.947603 0.204743
c655 0.029519 -0.020031 4.420891 -0.637413 0.204781
c656 0.030357 -0.020152 5.968063 -0.392026 0.204971
c657 0.030604 -0.020168 5.282636 3.446270 0.205012
c658 0.032889 -0.018678 2.457165 -3.059646 0.205445
c659 0.032926 -0.018723 6.151901 5.806009 0.205460
c660 0.033783 -0.017914 10.953694 2.052644 0.205599
c661 0.034020 -0.017870 4.648658 -5.170218 0.205621
c662 0.034678 -0.018602 5.733420 -6.280645 0.205762
c663 0.036638 -0.020749 1.339166 -4.616872 0.206104
c664 0.036693 -0.020938 -0.964565 5.857601 0.206145
c665 0.036599 -0.020369 -0.476824 11.044750 0.206243
c666 0.036584 -0.020034 2.124495 4.744438 0.206273
c667 0.037269 -0.018506 -2.149291 2.252685 0.206595
c668 0.035775 -0.016941 -3.900567 4.262149 0.207290
c669 0.034975 -0.016067 -6.374898 4.214826 0.207495
c670 0.032112 -0.014174 -0.037003 2.054988 0.207944
c671 0.032083 -0.012595 -0.279944 7.104846 0.208712
c672 0.032030 -0.011235 -4.520605 9.351918 0.208904
c673 0.031664 -0.010479 2.589922 8.450031 0.208984
c674 0.033626 -0.004077 -1.202786 11.061006 0.209742
c675 0.033462 -0.002569 0.613458 6.422256 0.209878
c676 0.033520 -0.001963 -0.730895 1.326210 0.209973
c677 0.033294 -0.001553 -2.932539 -2.065566 0.210283
c678 0.033048 -0.001726 -4.174763 -2.855131 0.210367
c679 0.032740 -0.001937 -9.507489 -0.650391 0.210440
c680 0.028367 -0.002236 -7.154962 -0.693466 0.210900
c681 0.027950 -0.002276 -2.574905 -1.548650 0.210959
c682 0.027828 -0.002350 1.393404 -1.101591 0.211006
c683 0.027931 -0.002431 2.047186 -1.973080 0.211080
c684 0.027934 -0.002434 -5.283477 -0.731883 0.211082
c685 0.027929 -0.002435 -4.318589 -2.016936 0.211083
c686 0.027742 -0.002522 -2.092602 -8.151607 0.211126
c687 0.027485 -0.003523 -0.367798 -4.045014 0.211249
c688 0.027383 -0.004645 -0.191913 -2.650551 0.211526
