c1 0.000000 0.000000 -1.544911 3.072957 0.000058
c2 -0.000128 0.000255 1.365219 3.679497 0.000141
c3 -0.000089 0.000362 -3.092660 -0.521950 0.000170
c4 -0.000529 0.000288 1.119065 -2.785963 0.000312
c5 0.000020 -0.001081 5.327803 -2.919982 0.000804
c6 0.000533 -0.001362 6.945181 2.244160 0.000900
c7 0.002699 -0.000662 1.478903 2.123158 0.001212
c8 0.002836 -0.000465 0.295947 4.183658 0.001305
c9 0.002886 0.000240 1.832633 3.207867 0.001473
c10 0.002933 0.000322 1.375171 4.357979 0.001499
c11 0.003652 0.002601 5.019443 4.042859 0.002022
c12 0.004971 0.003663 -1.985332 0.339434 0.002284
c13 0.004869 0.003680 2.447380 3.112531 0.002336
c14 0.004919 0.003744 -3.713188 3.797915 0.002356
c15 0.004776 0.003890 -3.560067 4.656452 0.002395
c16 0.004607 0.004112 0.909212 6.107341 0.002442
c17 0.004679 0.004596 -1.360882 -0.037186 0.002522
c18 0.004457 0.004590 -1.082099 1.138377 0.002684
c19 0.004327 0.004727 0.884809 0.313577 0.002805
c20 0.006135 0.005368 4.104546 3.435232 0.004848
c21 0.007671 0.006653 4.383793 6.552272 0.005222
c22 0.008746 0.008261 1.036549 0.280578 0.005468
c23 0.008904 0.008303 4.934769 1.321257 0.005620
c24 0.008988 0.008326 -1.028092 2.737295 0.005637
c25 0.008931 0.008480 2.269029 0.615009 0.005693
c26 0.009543 0.008646 0.267813 6.007843 0.005963
c27 0.009613 0.010225 -4.900434 2.689716 0.006226
c28 0.008584 0.010791 -1.656679 -4.559310 0.006436
c29 0.008054 0.009334 -0.527644 0.756882 0.006756
c30 0.008044 0.009349 2.823734 -0.176376 0.006776
c31 0.008416 0.009326 0.507154 8.340019 0.006908
c32 0.008897 0.017236 -5.956965 4.301668 0.007856
c33 0.007538 0.018217 -4.861174 -2.872061 0.008084
c34 0.005759 0.017166 -1.670176 -0.731419 0.008450
c35 0.005307 0.016968 0.428338 -2.562125 0.008721
c36 0.005381 0.016524 3.998127 -0.972952 0.008895
c37 0.007320 0.016052 2.240567 2.991048 0.009380
c38 0.007555 0.016366 6.739504 -1.086811 0.009485
c39 0.009620 0.016034 7.144307 -2.340287 0.009791
c40 0.010515 0.015740 5.076814 4.221294 0.009916
c41 0.013823 0.018491 -3.345929 5.729926 0.010568
c42 0.013054 0.019808 -4.759269 11.351848 0.010798
c43 0.011812 0.022770 0.919372 8.459567 0.011059
c44 0.011852 0.023138 6.475144 5.577340 0.011102
c45 0.012889 0.024031 -4.066594 -0.604403 0.011262
c46 0.006968 0.023151 5.244514 -0.044130 0.012718
c47 0.010726 0.023119 2.125326 4.609833 0.013435
c48 0.011060 0.023844 -0.930275 -4.589203 0.013592
c49 0.010939 0.023243 4.726585 0.816970 0.013723
c50 0.011314 0.023308 1.783458 2.024998 0.013802
c51 0.011690 0.023735 1.275053 0.103944 0.014013
c52 0.012547 0.023805 1.402122 -1.777922 0.014685
c53 0.012745 0.023554 -2.957636 4.887149 0.014827
c54 0.011745 0.025207 0.820529 2.148468 0.015165
c55 0.011764 0.025258 7.034320 3.351879 0.015189
c56 0.012362 0.025543 2.076953 7.100641 0.015274
c57 0.013249 0.028574 1.664970 9.995314 0.015701
c58 0.013693 0.031237 -1.108562 0.532034 0.015967
c59 0.013570 0.031296 1.426482 -0.017868 0.016078
c60 0.014317 0.031287 1.408404 3.436422 0.016601
c61 0.014718 0.032265 -2.165405 -7.924114 0.016886
c62 0.014563 0.031696 0.604749 -4.717913 0.016958
c63 0.014824 0.029662 -1.101712 4.222680 0.017389
c64 0.014766 0.029882 -3.166287 3.048610 0.017441
c65 0.010597 0.033897 -3.743638 2.414475 0.018758
c66 0.008855 0.035020 0.829450 -1.050071 0.019223
c67 0.008906 0.034956 7.193878 0.448504 0.019285
c68 0.011097 0.035092 3.220572 8.923565 0.019589
c69 0.011162 0.035273 5.099493 6.045982 0.019610
c70 0.011904 0.036153 -1.538667 5.543508 0.019755
c71 0.011652 0.037061 -0.154860 6.185508 0.019919
c72 0.011620 0.038331 -3.428160 3.097662 0.020124
c73 0.011527 0.038415 -6.816783 0.111641 0.020152
c74 0.008754 0.038460 -7.301536 1.289842 0.020558
c75 0.005694 0.039001 -6.279842 -1.859316 0.020977
c76 0.004595 0.038675 -2.632743 -4.088155 0.021152
c77 0.003980 0.037721 -3.130331 -2.232309 0.021386
c78 0.003789 0.037585 2.066511 -0.195511 0.021447
c79 0.004341 0.037532 8.775733 2.322329 0.021714
c80 0.004962 0.037697 10.675222 -4.465193 0.021785
c81 0.007643 0.036575 8.746672 -7.903769 0.022036
c82 0.009750 0.034672 0.329770 -8.924863 0.022277
c83 0.009760 0.034400 6.904716 -5.087994 0.022307
c84 0.010247 0.034041 4.848067 -1.720373 0.022378
c85 0.016200 0.031929 -0.661623 3.812554 0.023606
c86 0.015666 0.035002 -2.424657 0.628587 0.024412
c87 0.014225 0.035376 -0.617848 -0.919539 0.025006
c88 0.014028 0.035083 1.248554 1.535119 0.025325
c89 0.014405 0.035547 -5.949297 2.391347 0.025628
c90 0.012297 0.036395 -0.143609 -2.144185 0.025982
c91 0.012250 0.035692 -2.168569 -2.932298 0.026310
c92 0.011262 0.034357 0.388874 -3.607122 0.026765
c93 0.011327 0.033758 2.573116 -2.639225 0.026931
c94 0.012314 0.032746 2.035911 -1.722499 0.027315
c95 0.012603 0.032501 3.950495 0.689457 0.027457
c96 0.013244 0.032613 -2.980439 -0.539755 0.027619
c97 0.012836 0.032539 -2.744118 5.342952 0.027756
c98 0.012602 0.032994 2.205183 0.650690 0.027842
c99 0.012736 0.033034 4.358058 4.987932 0.027902
c100 0.013690 0.034126 0.937812 8.811075 0.028121
c101 0.013739 0.034580 -6.115652 2.704633 0.028173
c102 0.013556 0.034661 -2.390766 0.134887 0.028203
c103 0.011711 0.034765 -2.788871 3.808255 0.028975
c104 0.010778 0.036040 1.708635 4.392606 0.029309
c105 0.011300 0.037382 -3.246476 -0.816958 0.029615
c106 0.007249 0.036363 0.661001 -4.934921 0.030862
c107 0.007254 0.036327 4.619244 -1.760326 0.030870
c108 0.007422 0.036263 -0.019819 -1.804932 0.030906
c109 0.007414 0.035532 4.194271 -2.545019 0.031311
c110 0.007618 0.035408 0.607395 -4.581724 0.031360
c111 0.007637 0.035263 -7.794313 5.065976 0.031391
c112 0.006665 0.035895 -7.749664 -0.904929 0.031516
c113 0.006593 0.035887 -6.253171 -1.286928 0.031526
c114 -0.002272 0.034062 -7.393182 -0.673400 0.032943
c115 -0.004659 0.033845 -1.971288 -2.494057 0.033266
c116 -0.004999 0.033415 -1.054934 -0.165797 0.033438
c117 -0.005007 0.033414 -1.893064 4.252611 0.033446
c118 -0.006548 0.036877 -0.370384 9.206065 0.034260
c119 -0.006583 0.037727 -1.685159 0.166965 0.034353
c120 -0.007079 0.037776 -4.942861 -0.102267 0.034647
c121 -0.008637 0.037744 -7.543562 -8.036001 0.034963
c122 -0.009110 0.037240 -10.925149 -1.401387 0.035025
c123 -0.019413 0.035919 -6.264634 6.014211 0.035968
c124 -0.019421 0.035926 7.239067 1.790671 0.035969
c125 -0.019005 0.036028 2.531369 7.462765 0.036027
c126 -0.018129 0.038610 -4.009497 3.658003 0.036373
c127 -0.019834 0.038511 0.406613 -3.145342 0.037172
c128 -0.019677 0.037300 -1.373414 1.949597 0.037557
c129 -0.020342 0.038244 -6.117324 -2.342635 0.038041
c130 -0.025822 0.036145 -4.680393 0.409737 0.038937
c131 -0.027368 0.033140 -6.750312 -0.609761 0.039796
c132 -0.030980 0.031511 -4.020118 -8.135547 0.040498
c133 -0.032101 0.029244 -4.110615 -4.417017 0.040777
c134 -0.034721 0.026428 -7.546814 -6.837911 0.041414
c135 -0.035770 0.025478 -5.754675 -1.994167 0.041553
c136 -0.037029 0.025041 -1.549827 2.066164 0.041772
c137 -0.036764 0.025170 -3.796408 -3.098386 0.042076
c138 -0.039444 0.018282 -2.033669 -0.248645 0.043633
c139 -0.040959 0.017710 -1.256170 -3.994837 0.044717
c140 -0.041552 0.015824 -2.589104 -0.984380 0.045190
c141 -0.041928 0.015681 -7.391849 3.810248 0.045335
c142 -0.040228 0.015320 9.153920 0.585441 0.045600
c143 -0.034798 0.015667 9.440540 -3.160499 0.046193
c144 -0.031923 0.014705 4.406883 7.899069 0.046498
c145 -0.030598 0.017080 -3.997123 8.107771 0.046799
c146 -0.030886 0.017666 -4.747877 6.008896 0.046871
c147 -0.033574 0.021068 -6.660800 7.632878 0.047437
c148 -0.033634 0.021136 -4.781173 5.017150 0.047446
c149 -0.033809 0.021319 -2.546284 8.368964 0.047482
c150 -0.033986 0.021901 2.110712 1.565336 0.047552
c151 -0.032157 0.023257 -0.337931 1.162423 0.048418
c152 -0.032272 0.023655 -0.363020 -0.614320 0.048761
c153 -0.032588 0.023120 7.215145 -2.387963 0.049631
c154 -0.031682 0.022820 -3.054475 -1.481651 0.049757
c155 -0.031864 0.022732 -2.776512 -5.224636 0.049816
c156 -0.032121 0.022248 2.865167 -3.342131 0.049909
c157 -0.031688 0.021743 -2.722774 -3.087028 0.050060
c158 -0.032199 0.021164 -5.110786 -8.743317 0.050248
c159 -0.034451 0.017311 -3.305633 -2.016911 0.050688
c160 -0.034485 0.017290 1.354883 -7.940267 0.050699
c161 -0.034351 0.016506 6.463993 -3.348301 0.050798
c162 -0.033692 0.016165 5.664874 -1.336336 0.050900
c163 -0.033544 0.016130 6.889152 -6.393370 0.050926
c164 -0.033168 0.015781 5.545926 -2.795115 0.050980
c165 -0.032183 0.015285 -4.274884 -5.030183 0.051158
c166 -0.032951 0.014380 -11.401982 -2.107841 0.051338
c167 -0.035482 0.013912 -5.281685 3.158013 0.051560
c168 -0.035927 0.014178 -7.697910 -1.566393 0.051644
c169 -0.036578 0.014046 -10.717950 -2.259942 0.051729
c170 -0.037629 0.013824 3.304319 1.751147 0.051827
c171 -0.037372 0.013960 -0.390846 0.399280 0.051904
c172 -0.037419 0.014009 -3.806402 0.224339 0.052025
c173 -0.037930 0.014039 8.003698 5.153641 0.052159
c174 -0.032018 0.017845 1.903896 -5.020053 0.052898
c175 -0.031910 0.017560 3.314208 4.976430 0.052955
c176 -0.031906 0.017567 3.125580 -6.852240 0.052956
c177 -0.028912 0.011004 -0.166307 -5.909585 0.053914
c178 -0.028913 0.010975 -4.342910 0.429996 0.053919
c179 -0.032165 0.011297 2.371595 -1.487330 0.054667
c180 -0.032155 0.011291 4.854357 1.670868 0.054672
c181 -0.029827 0.012092 4.436479 -7.927669 0.055151
c182 -0.027938 0.008716 6.522261 -4.111719 0.055577
c183 -0.027343 0.008341 2.245284 -5.473657 0.055668
c184 -0.024994 0.002616 3.454054 -8.343438 0.056714
c185 -0.024934 0.002470 1.253242 -8.317176 0.056732
c186 -0.024502 -0.000395 2.706560 -7.354030 0.057076
c187 -0.023784 -0.002346 -2.649446 -5.020026 0.057342
c188 -0.025136 -0.004906 -0.191938 -3.327909 0.057851
c189 -0.025149 -0.005145 1.844495 -4.617183 0.057923
c190 -0.024903 -0.005761 -4.187089 -1.121344 0.058057
c191 -0.026159 -0.006097 -3.274359 -1.684228 0.058356
c192 -0.026467 -0.006256 -5.096237 3.249830 0.058451
c193 -0.027015 -0.005907 -4.314018 2.836729 0.058558
c194 -0.027587 -0.005530 -1.783776 6.165713 0.058691
c195 -0.027683 -0.005199 -4.184642 6.724781 0.058745
c196 -0.028069 -0.004579 4.604200 -1.791710 0.058837
c197 -0.027326 -0.004868 3.529114 -1.003732 0.058998
c198 -0.024880 -0.005564 -0.777098 -1.582300 0.059691
c199 -0.024939 -0.005685 -0.622384 -3.849369 0.059767
c200 -0.025676 -0.010237 0.669307 -3.869814 0.060950
c201 -0.025357 -0.012076 5.413280 -5.824339 0.061425
c202 -0.024903 -0.012565 4.929606 -8.137097 0.061509
c203 -0.023857 -0.014293 -0.335163 -3.259196 0.061722
c204 -0.023914 -0.014853 2.324061 -2.727916 0.061893
c205 -0.022852 -0.016100 6.115637 -0.114206 0.062350
c206 -0.022613 -0.016104 6.788072 3.601488 0.062389
c207 -0.022570 -0.016081 5.133641 -2.602359 0.062396
c208 -0.020672 -0.017043 7.865663 -1.037810 0.062766
c209 -0.015998 -0.017660 3.132052 6.762126 0.063360
c210 -0.012362 -0.009809 -5.666933 4.739679 0.064521
c211 -0.013000 -0.009276 -0.705988 0.630772 0.064633
c212 -0.013121 -0.009168 1.929326 -4.052084 0.064805
c213 -0.012581 -0.010301 -0.078260 -2.158750 0.065085
c214 -0.012582 -0.010330 0.605196 4.975352 0.065098
c215 -0.012561 -0.010157 -0.485472 6.017354 0.065133
c216 -0.012967 -0.005125 -4.696159 -2.596600 0.065969
c217 -0.013501 -0.005420 -2.280275 2.830586 0.066083
c218 -0.015196 -0.003316 -2.128165 2.901429 0.066826
c219 -0.018913 0.001752 -0.490108 10.762739 0.068573
c220 -0.019342 0.011156 2.056869 9.524505 0.069446
c221 -0.017064 0.021702 2.978299 4.312496 0.070554
c222 -0.016832 0.022038 -0.039656 -0.577474 0.070632
c223 -0.016834 0.022000 -2.761854 -2.944747 0.070698
c224 -0.018722 0.019987 -0.662669 -4.925396 0.071382
c225 -0.019281 0.015834 1.037496 -1.553422 0.072225
c226 -0.019252 0.015791 -4.409233 1.940026 0.072253
c227 -0.024461 0.018083 -6.711868 4.288347 0.073434
c228 -0.029455 0.021273 -6.028214 -3.281854 0.074178
c229 -0.030097 0.020924 -10.142243 2.316070 0.074285
c230 -0.032886 0.021561 -10.009657 3.463895 0.074560
c231 -0.033104 0.021636 -6.979756 4.195417 0.074582
c232 -0.037410 0.024224 1.506555 5.181768 0.075198
c233 -0.037297 0.024614 1.889292 0.649298 0.075274
c234 -0.037109 0.024679 -1.772826 2.215068 0.075373
c235 -0.034118 0.024078 0.563585 0.488044 0.076736
c236 -0.033765 0.024384 0.918500 9.640603 0.077363
c237 -0.033587 0.026251 -0.499183 5.930506 0.077557
c238 -0.033836 0.029215 -5.879235 2.859757 0.078056
c239 -0.033462 0.028405 -1.692755 -1.907973 0.078279
c240 -0.033948 0.027858 -0.851622 1.450620 0.078565
c241 -0.034495 0.028790 2.075712 6.303144 0.079208
c242 -0.034014 0.029194 1.280830 3.382748 0.079308
c243 -0.032449 0.030414 -3.155495 -0.943761 0.079883
c244 -0.033374 0.030137 -9.003577 -0.465045 0.080176
c245 -0.033355 0.028869 -1.800129 -3.016021 0.080322
c246 -0.034255 0.027362 -2.623408 0.096829 0.080822
c247 -0.034919 0.024915 3.071290 -1.938906 0.082363
c248 -0.033143 0.023794 2.996619 1.213409 0.082941
c249 -0.032979 0.023860 3.575763 -4.505447 0.082996
c250 -0.032729 0.023546 1.329552 -4.895022 0.083066
c251 -0.032229 0.021702 6.186161 -1.201795 0.083443
c252 -0.031981 0.021654 -4.008108 -4.769845 0.083482
c253 -0.035631 0.017311 -0.228523 -4.455118 0.084393
c254 -0.035683 0.016287 0.118046 -4.161212 0.084623
c255 -0.035622 0.014148 -0.242705 1.475330 0.085137
c256 -0.035632 0.014206 1.995622 2.092104 0.085176
c257 -0.035462 0.014384 -0.748915 -6.091872 0.085262
c258 -0.035798 0.011653 0.856976 -1.552978 0.085710
c259 -0.035762 0.011588 0.196089 -0.086672 0.085752
c260 -0.035635 0.011531 7.902318 0.182981 0.086401
c261 -0.035620 0.011532 1.094683 3.377712 0.086402
c262 -0.035322 0.012450 1.017875 2.505465 0.086674
c263 -0.035116 0.012958 -4.828578 1.279734 0.086877
c264 -0.036814 0.013408 -0.496563 -3.787156 0.087229
c265 -0.037116 0.011103 0.847648 -5.273337 0.087837
c266 -0.036893 0.009715 0.176060 -5.402940 0.088101
c267 -0.036821 0.007501 2.137101 -5.662351 0.088510
c268 -0.034665 0.001788 -7.379602 -5.921547 0.089519
c269 -0.036836 0.000046 -5.661320 -3.344383 0.089813
c270 -0.039804 -0.001707 -2.265864 -1.316648 0.090338
c271 -0.040452 -0.002084 0.491136 -0.900605 0.090624
c272 -0.040309 -0.002345 1.119665 -5.345313 0.090914
c273 -0.039913 -0.004238 -8.828702 -5.111505 0.091268
c274 -0.040956 -0.004842 -3.884239 -1.660450 0.091386
c275 -0.041615 -0.005124 -6.892864 -4.408128 0.091556
c276 -0.042554 -0.005724 1.667275 2.226731 0.091692
c277 -0.041754 -0.004656 0.743227 1.723757 0.092172
c278 -0.041669 -0.004458 -3.295262 1.707670 0.092287
c279 -0.042693 -0.003927 0.343429 -2.402531 0.092598
c280 -0.042572 -0.004770 1.205798 -2.366828 0.092948
c281 -0.042540 -0.004834 -1.064938 -0.158331 0.092975
c282 -0.042650 -0.004850 -0.838827 -0.150537 0.093079
c283 -0.042665 -0.004853 -2.255613 0.129046 0.093097
c284 -0.042683 -0.004852 -1.779349 0.146101 0.093105
c285 -0.043516 -0.004784 0.467779 0.311845 0.093573
c286 -0.043490 -0.004766 -9.623198 -0.193559 0.093628
c287 -0.043671 -0.004770 -2.833424 0.334877 0.093647
c288 -0.043692 -0.004768 6.728486 1.078596 0.093654
c289 -0.043569 -0.004748 9.477443 1.282301 0.093672
c290 -0.040362 -0.004314 9.556755 -3.245914 0.094011
c291 -0.031114 -0.007455 3.554354 6.052109 0.094978
c292 -0.031068 -0.007376 -0.230000 6.774985 0.094992
c293 -0.031133 -0.005450 -1.781117 1.803018 0.095276
c294 -0.031409 -0.005171 0.747089 -0.989444 0.095431
c295 -0.030101 -0.006904 0.501529 3.807284 0.097182
c296 -0.030026 -0.006335 3.895144 1.177897 0.097331
c297 -0.029875 -0.006289 4.142335 -0.228898 0.097370
c298 -0.026107 -0.006497 1.078513 -2.112187 0.098279
c299 -0.025785 -0.007128 2.268046 -2.277843 0.098578
c300 -0.025265 -0.007650 1.711779 -8.233118 0.098807
c301 -0.024278 -0.012401 9.298395 -6.359301 0.099384
c302 -0.023422 -0.012986 0.134764 0.029527 0.099476
c303 -0.023350 -0.012970 -0.584518 0.592358 0.100009
c304 -0.023643 -0.012673 0.320782 -2.671946 0.100511
c305 -0.023602 -0.013014 2.133374 -5.850449 0.100639
c306 -0.023387 -0.013606 6.280017 -4.299861 0.100740
c307 -0.022269 -0.014371 5.667187 -2.667503 0.100918
c308 -0.020578 -0.015167 1.599575 -6.423632 0.101217
c309 -0.019378 -0.019987 -0.689456 -6.572439 0.101967
c310 -0.019414 -0.020331 -2.393425 -4.280114 0.102020
c311 -0.019544 -0.020564 2.657851 -4.913183 0.102074
c312 -0.018880 -0.021790 0.327266 -6.135018 0.102323
c313 -0.018828 -0.022769 -5.263635 -5.485955 0.102483
c314 -0.022262 -0.026348 -3.709324 5.064650 0.103135
c315 -0.022989 -0.025357 2.329900 3.373321 0.103331
c316 -0.021732 -0.023537 -2.820573 4.792737 0.103871
c317 -0.022582 -0.022093 3.613338 12.717605 0.104172
c318 -0.022496 -0.021791 2.587490 2.143569 0.104196
c319 -0.021882 -0.021282 5.369991 2.031756 0.104433
c320 -0.019670 -0.020445 -3.440386 -3.120057 0.104845
c321 -0.022391 -0.022913 -1.875946 -2.882367 0.105636
c322 -0.022868 -0.023645 -1.320448 3.245220 0.105890
c323 -0.023208 -0.022808 1.627923 0.508071 0.106148
c324 -0.022963 -0.022731 -5.181378 -1.296594 0.106299
c325 -0.025563 -0.023382 -7.433715 -8.577231 0.106801
c326 -0.027376 -0.025474 -7.563803 -5.333327 0.107045
c327 -0.033638 -0.029889 -1.415932 -4.894024 0.107873
c328 -0.023890 -0.028279 0.611244 4.381402 0.109813
c329 -0.023858 -0.028046 6.383762 -1.983630 0.109866
c330 -0.020208 -0.029180 2.811645 6.266155 0.110438
c331 -0.019950 -0.028604 -1.518175 -1.611618 0.110530
c332 -0.021174 -0.029904 -5.293781 1.824333 0.111336
c333 -0.023536 -0.029089 2.974011 0.645344 0.111782
c334 -0.020638 -0.028461 1.053062 -0.193947 0.112757
c335 -0.020297 -0.028523 3.602425 2.823823 0.113081
c336 -0.020052 -0.028331 0.165502 2.443278 0.113149
c337 -0.020051 -0.028317 -3.805742 2.019373 0.113155
c338 -0.022168 -0.027194 -5.487086 3.860548 0.113711
c339 -0.023648 -0.026153 -5.550118 4.964070 0.113981
c340 -0.024799 -0.025124 -5.359921 -3.781791 0.114188
c341 -0.025267 -0.025454 -6.078954 -1.076988 0.114275
c342 -0.025974 -0.025579 -0.548805 -1.914282 0.114392
c343 -0.026603 -0.027775 -1.536436 -1.373488 0.115538
c344 -0.027812 -0.028855 -1.725848 -3.357087 0.116325
c345 -0.028064 -0.029345 -6.562752 -3.072085 0.116471
c346 -0.031712 -0.031052 -7.912108 4.534774 0.117027
c347 -0.033637 -0.029771 6.596857 8.677763 0.117285
c348 -0.033156 -0.029138 6.727742 8.414821 0.117358
c349 -0.032888 -0.028804 9.424525 3.721733 0.117398
c350 -0.032500 -0.028650 -2.621119 7.304013 0.117439
c351 -0.032546 -0.028521 2.801854 7.006329 0.117457
c352 -0.032310 -0.027931 3.715637 4.570988 0.117541
c353 -0.031759 -0.027253 -3.292454 3.501423 0.117689
c354 -0.031912 -0.027090 1.956922 4.999957 0.117736
c355 -0.030275 -0.022905 6.047786 0.738602 0.118573
c356 -0.029606 -0.022824 6.742437 -0.498064 0.118684
c357 -0.028814 -0.022882 -0.229053 1.946982 0.118801
c358 -0.028845 -0.022620 0.550460 0.852466 0.118936
c359 -0.028748 -0.022470 3.339730 1.541887 0.119112
c360 -0.028404 -0.022311 2.906240 5.745615 0.119215
c361 -0.028327 -0.022160 -2.472543 -0.897740 0.119241
c362 -0.029382 -0.022543 -0.138218 1.777414 0.119668
c363 -0.029489 -0.021170 0.981516 -3.129209 0.120440
c364 -0.029468 -0.021236 -1.880948 6.602617 0.120461
c365 -0.029754 -0.020231 -2.845787 4.041451 0.120614
c366 -0.030425 -0.019279 -3.377950 -4.221209 0.120849
c367 -0.030775 -0.019717 -6.903750 0.651769 0.120953
c368 -0.033710 -0.019439 -0.461496 -3.806723 0.121378
c369 -0.033981 -0.021669 1.717568 -2.117641 0.121964
c370 -0.032875 -0.023032 -0.128568 2.966031 0.122607
c371 -0.033037 -0.019292 -3.859243 -5.563991 0.123868
c372 -0.033794 -0.020383 -1.658634 -2.190611 0.124064
c373 -0.034175 -0.020886 2.142155 -6.455274 0.124294
c374 -0.032775 -0.025106 5.893728 0.818171 0.124948
c375 -0.031192 -0.024886 -1.471506 -1.248174 0.125216
c376 -0.031500 -0.025148 4.064471 4.821777 0.125426
c377 -0.029569 -0.022857 3.237953 0.960275 0.125901
c378 -0.029542 -0.022849 4.830163 1.093067 0.125910
c379 -0.028383 -0.022587 0.986734 4.666281 0.126149
c380 -0.028327 -0.022320 6.958663 1.692071 0.126207
c381 -0.026688 -0.021921 3.542471 -1.891359 0.126442
c382 -0.026263 -0.022148 -1.071814 -0.562519 0.126562
c383 -0.026382 -0.022211 0.951345 -0.755955 0.126674
c384 -0.025548 -0.022874 0.792476 -6.245524 0.127551
c385 -0.025349 -0.024439 -11.082827 -5.801956 0.127802
c386 -0.025952 -0.024754 -6.915968 -4.713095 0.127856
c387 -0.026078 -0.024840 -2.763578 -5.036073 0.127874
c388 -0.027529 -0.027484 -1.485945 -5.715446 0.128399
c389 -0.027786 -0.028473 -0.303181 -3.026284 0.128572
c390 -0.027991 -0.030521 3.845938 -0.350672 0.129249
c391 -0.027858 -0.030533 5.738369 -0.898497 0.129283
c392 -0.026217 -0.030790 0.444462 5.434618 0.129570
c393 -0.026015 -0.028330 1.628893 4.717950 0.130022
c394 -0.025545 -0.026967 0.244383 2.709234 0.130311
c395 -0.025435 -0.025745 1.693720 -3.205280 0.130762
c396 -0.024871 -0.026811 0.363826 -9.419382 0.131094
c397 -0.024540 -0.035397 -0.014783 -11.725844 0.132006
c398 -0.024136 -0.037537 5.962283 5.723109 0.132242
c399 -0.018006 -0.031653 10.532284 -3.208880 0.133270
c400 -0.016726 -0.032043 4.530540 -0.280580 0.133392
c401 -0.015478 -0.032120 -2.910645 2.357221 0.133667
c402 -0.016538 -0.031261 4.630274 1.738278 0.134031
c403 -0.015476 -0.030862 1.049751 -2.208105 0.134261
c404 -0.015315 -0.031201 -2.976280 5.013238 0.134414
c405 -0.016350 -0.029457 -3.023884 7.084786 0.134762
c406 -0.017137 -0.027615 -0.879004 6.403857 0.135022
c407 -0.017487 -0.025066 -5.453316 4.678564 0.135420
c408 -0.019672 -0.023191 -6.510479 3.888896 0.135821
c409 -0.021086 -0.022346 -6.248412 4.118534 0.136038
c410 -0.022609 -0.021343 -5.979590 7.483995 0.136282
c411 -0.026225 -0.016816 -1.674170 6.533976 0.136886
c412 -0.027282 -0.012690 -3.156306 3.482886 0.137518
c413 -0.027802 -0.012117 -5.843191 2.786458 0.137682
c414 -0.028381 -0.011840 -5.713124 -3.838830 0.137782
c415 -0.029797 -0.012792 -6.995627 3.783664 0.138029
c416 -0.033795 -0.010630 2.284756 -7.105429 0.138601
c417 -0.033629 -0.011147 -2.138212 -0.271361 0.138674
c418 -0.034147 -0.011213 -6.087456 -1.604872 0.138916
c419 -0.036379 -0.011801 -2.253011 0.022958 0.139283
c420 -0.037814 -0.011787 3.511745 -7.127230 0.139920
c421 -0.033921 -0.019688 0.200399 -11.076181 0.141028
c422 -0.033899 -0.020882 2.197344 -2.353951 0.141136
c423 -0.032608 -0.022265 1.364729 3.046421 0.141724
c424 -0.032580 -0.022204 4.581521 -4.780613 0.141744
c425 -0.032055 -0.022751 1.291665 -0.014873 0.141859
c426 -0.031960 -0.022753 -4.026590 0.767813 0.141932
c427 -0.032048 -0.022736 2.428724 2.875971 0.141954
c428 -0.031424 -0.021997 -2.332091 0.689186 0.142210
c429 -0.032939 -0.021550 -2.327368 1.006977 0.142860
c430 -0.033071 -0.021493 1.678190 0.851922 0.142917
c431 -0.032807 -0.021359 4.218618 -1.588422 0.143074
c432 -0.031832 -0.021726 -2.127251 -2.220660 0.143305
c433 -0.032310 -0.022224 0.519856 -6.929964 0.143529
c434 -0.032039 -0.025836 7.759927 -8.311367 0.144051
c435 -0.029492 -0.028564 -0.233788 -9.616349 0.144379
c436 -0.029517 -0.029608 -5.158442 -5.327981 0.144487
c437 -0.031439 -0.031593 -5.231728 -0.990339 0.144860
c438 -0.030749 -0.025618 2.746915 4.873783 0.146120
c439 -0.030690 -0.025513 -2.768452 2.369018 0.146141
c440 -0.030839 -0.025385 -2.082450 2.226822 0.146195
c441 -0.031665 -0.024502 -0.535178 2.039988 0.146592
c442 -0.032057 -0.023009 6.827631 6.595570 0.147324
c443 -0.030513 -0.021518 5.859038 6.411571 0.147550
c444 -0.029614 -0.020534 7.470658 0.478384 0.147703
c445 -0.026871 -0.020359 4.593573 -5.192100 0.148071
c446 -0.025785 -0.021586 7.316499 -5.579560 0.148307
c447 -0.019792 -0.026156 13.582668 2.669635 0.149126
c448 -0.019458 -0.026090 11.929209 4.142104 0.149151
c449 -0.018194 -0.025651 10.249150 -7.592650 0.149257
c450 -0.016022 -0.027260 4.725486 -1.334194 0.149468
c451 -0.011809 -0.028449 7.901328 6.853069 0.150360
c452 -0.010077 -0.026946 5.655061 4.250883 0.150579
c453 -0.004697 -0.022902 2.934277 -1.016992 0.151531
c454 -0.002392 -0.023701 2.439548 -2.368293 0.152316
c455 -0.001066 -0.024989 -2.179855 -0.226232 0.152860
c456 -0.002151 -0.025101 -9.808910 3.604060 0.153358
c457 -0.002910 -0.024823 -1.548426 0.437053 0.153435
c458 -0.003770 -0.024580 -3.985171 -0.679836 0.153990
c459 -0.004299 -0.024670 -2.632264 -5.550189 0.154123
c460 -0.004608 -0.025322 -3.000833 -8.369599 0.154241
c461 -0.006108 -0.029505 1.564056 1.795130 0.154740
c462 -0.005372 -0.028660 5.746152 1.981193 0.155211
c463 -0.004018 -0.028194 3.197725 1.452286 0.155446
c464 -0.003918 -0.028148 -1.898814 -3.863048 0.155478
c465 -0.004773 -0.029888 -1.951944 -4.091318 0.155928
c466 -0.005176 -0.030732 5.298896 -0.931293 0.156135
c467 -0.003055 -0.031105 2.509985 1.297660 0.156535
c468 -0.002488 -0.030812 -2.628260 1.074165 0.156761
c469 -0.003636 -0.030343 -3.119111 3.143986 0.157198
c470 -0.004947 -0.029022 -6.422995 -2.438398 0.157618
c471 -0.006249 -0.029516 -4.594547 -2.792580 0.157821
c472 -0.008116 -0.030651 -5.906095 -2.257201 0.158227
c473 -0.009747 -0.031275 -6.911282 1.868996 0.158503
c474 -0.010074 -0.031186 -4.319438 0.248868 0.158551
c475 -0.012279 -0.031059 -2.853891 5.940562 0.159061
c476 -0.012904 -0.029758 -6.432532 5.724212 0.159280
c477 -0.013506 -0.029222 -6.143369 8.192598 0.159374
c478 -0.017515 -0.023876 -3.613758 2.620618 0.160026
c479 -0.017871 -0.023618 -2.487379 0.866014 0.160125
c480 -0.019395 -0.023087 2.855601 -3.026953 0.160737
c481 -0.017685 -0.024900 3.364704 1.119089 0.161336
c482 -0.016768 -0.024595 2.650644 -3.931773 0.161609
c483 -0.016671 -0.024739 -2.194483 -4.965885 0.161646
c484 -0.016763 -0.024948 -1.926371 -6.597770 0.161688
c485 -0.017211 -0.026480 -0.016793 2.618644 0.161920
c486 -0.017227 -0.023883 -9.213086 -10.806910 0.162912
c487 -0.018313 -0.025157 -8.137093 -6.541199 0.163030
c488 -0.019124 -0.025809 -9.724601 -3.781313 0.163129
c489 -0.019561 -0.025978 1.028586 -4.085640 0.163174
c490 -0.019303 -0.027001 0.551412 -2.705483 0.163424
c491 -0.019129 -0.027859 -1.566925 -0.908733 0.163742
c492 -0.019808 -0.028252 -8.390402 -4.345182 0.164175
c493 -0.020201 -0.028456 -0.526417 2.605944 0.164222
c494 -0.020207 -0.028423 2.360635 2.099386 0.164234
c495 -0.019003 -0.027352 5.279289 -4.720062 0.164744
c496 -0.016632 -0.029472 11.362558 -3.124753 0.165194
c497 -0.013889 -0.030226 11.942259 2.101907 0.165435
c498 -0.011094 -0.029735 8.858627 -1.138573 0.165669
c499 -0.010897 -0.029760 3.602131 1.145938 0.165691
c500 -0.009810 -0.029414 -1.034218 2.986265 0.165993
c501 -0.010292 -0.028021 -2.461216 7.492407 0.166460
c502 -0.010758 -0.026601 2.040952 8.662686 0.166649
c503 -0.010378 -0.024985 7.842477 8.126773 0.166836
c504 -0.007108 -0.021596 7.500665 2.699774 0.167253
c505 -0.006177 -0.021261 6.548627 1.209307 0.167377
c506 -0.005964 -0.021222 1.111639 5.217441 0.167409
c507 -0.005252 -0.017879 1.403565 3.597674 0.168050
c508 -0.004696 -0.016454 -4.108625 5.954401 0.168446
c509 -0.006894 -0.013268 1.511924 6.429252 0.168981
c510 -0.006131 -0.010023 -2.874786 0.410217 0.169486
c511 -0.009836 -0.009495 -3.552291 4.249277 0.170775
c512 -0.010168 -0.009098 -3.514618 4.263653 0.170868
c513 -0.011810 -0.007106 -7.789922 2.135017 0.171335
c514 -0.012808 -0.006833 -3.796235 1.825733 0.171463
c515 -0.014398 -0.006068 -2.978668 -3.843613 0.171882
c516 -0.014586 -0.006310 -6.018808 -5.971864 0.171945
c517 -0.016559 -0.008267 -0.790191 -8.774805 0.172273
c518 -0.016880 -0.011834 -0.572573 -10.272052 0.172679
c519 -0.017042 -0.014734 -2.925126 -4.964448 0.172962
c520 -0.017775 -0.015979 -2.434327 0.341128 0.173213
c521 -0.018409 -0.015890 -3.287298 -8.113924 0.173473
c522 -0.019468 -0.018504 -1.427352 -3.422777 0.173795
c523 -0.019773 -0.019235 3.527129 1.224777 0.174009
c524 -0.019687 -0.019205 2.540111 1.710898 0.174033
c525 -0.018402 -0.018339 -4.474346 -3.560942 0.174539
c526 -0.019189 -0.018966 -1.292470 -0.301795 0.174715
c527 -0.019591 -0.019059 -4.775101 -0.260595 0.175026
c528 -0.019635 -0.019062 -1.298927 -6.576541 0.175035
c529 -0.019692 -0.019348 2.755600 -7.153654 0.175079
c530 -0.018271 -0.023037 -2.809819 -8.740760 0.175594
c531 -0.018883 -0.024939 -8.881258 -7.645165 0.175812
c532 -0.019138 -0.025159 0.311158 1.319666 0.175841
c533 -0.019015 -0.024640 1.938040 0.044933 0.176234
c534 -0.018653 -0.024632 3.617838 -0.770374 0.176421
c535 -0.018610 -0.024641 4.321301 -5.305379 0.176433
c536 -0.018415 -0.024881 4.860289 -5.280068 0.176478
c537 -0.017957 -0.025378 6.562177 1.307761 0.176572
c538 -0.014050 -0.024599 5.789381 2.662791 0.177167
c539 -0.013946 -0.024551 4.808892 -2.910997 0.177185
c540 -0.010586 -0.026586 -3.356092 3.165861 0.177884
c541 -0.011938 -0.025310 -2.550110 7.627758 0.178287
c542 -0.012271 -0.024315 -2.629318 -1.437055 0.178418
c543 -0.012644 -0.024519 -0.836308 2.110604 0.178559
c544 -0.012814 -0.024090 1.048683 -1.313606 0.178763
c545 -0.012592 -0.024367 -4.729187 -3.413747 0.178974
c546 -0.014261 -0.025572 -4.619173 -1.217687 0.179327
c547 -0.015234 -0.025829 -1.880934 2.896827 0.179537
c548 -0.015343 -0.025660 3.615025 1.920616 0.179595
c549 -0.014181 -0.025042 -0.795178 5.304356 0.179917
c550 -0.014298 -0.024257 -4.772303 3.748565 0.180065
c551 -0.016868 -0.022239 -8.175805 3.287379 0.180604
c552 -0.018233 -0.021690 -3.973714 2.740297 0.180770
c553 -0.019837 -0.020584 -2.025653 -4.114947 0.181174
c554 -0.021441 -0.023841 -6.506833 1.182225 0.181966
c555 -0.021955 -0.023748 -6.494989 -2.092367 0.182045
c556 -0.022623 -0.023963 -0.800619 -11.557549 0.182148
c557 -0.022949 -0.028667 2.649988 0.071204 0.182555
c558 -0.022226 -0.028647 1.052501 -4.547813 0.182828
c559 -0.021886 -0.030115 7.123485 7.735308 0.183151
c560 -0.021453 -0.029645 8.889645 4.731097 0.183211
c561 -0.021344 -0.029588 -0.682617 5.302128 0.183224
c562 -0.021542 -0.028052 0.076328 -1.504727 0.183513
c563 -0.021539 -0.028116 6.603822 1.824738 0.183556
c564 -0.020635 -0.027866 5.251228 3.860170 0.183693
c565 -0.017569 -0.025612 3.837312 -4.302795 0.184276
c566 -0.016935 -0.026323 2.715653 -4.644803 0.184442
c567 -0.016358 -0.027310 -0.840542 -2.146021 0.184654
c568 -0.016712 -0.028212 -3.869679 -1.808373 0.185074
c569 -0.018311 -0.028959 -2.924684 -4.950252 0.185487
c570 -0.020348 -0.032407 -1.031508 -3.270574 0.186184
c571 -0.021065 -0.034680 4.390121 -4.734091 0.186879
c572 -0.020722 -0.035050 0.523955 -8.394884 0.186957
c573 -0.020658 -0.036066 -1.032729 -3.518306 0.187078
c574 -0.020842 -0.036693 -0.105422 -0.142578 0.187256
c575 -0.020888 -0.036754 2.426951 2.289625 0.187685
c576 -0.020007 -0.035923 6.532910 3.377719 0.188048
c577 -0.018210 -0.034994 0.551919 4.998965 0.188323
c578 -0.018042 -0.033474 -3.286226 6.366275 0.188627
c579 -0.018135 -0.033292 3.320597 8.461963 0.188656
c580 -0.017855 -0.032576 7.340335 6.685570 0.188740
c581 -0.017366 -0.032131 3.464243 2.204779 0.188807
c582 -0.015589 -0.031000 2.311034 -6.118917 0.189320
c583 -0.012278 -0.039765 -1.796700 -5.283701 0.190752
c584 -0.012468 -0.040323 2.031800 -10.531971 0.190858
c585 -0.012235 -0.041530 -4.106213 -10.760970 0.190973
c586 -0.012287 -0.041665 -14.214235 -1.367806 0.190985
c587 -0.016619 -0.041442 -7.008290 5.352170 0.191308
c588 -0.016661 -0.041410 -2.597868 2.896410 0.191314
c589 -0.017595 -0.040369 1.201857 -2.103071 0.191673
c590 -0.016384 -0.041617 4.404274 -0.988493 0.192509
c591 -0.015918 -0.041722 -1.293728 0.067677 0.192615
c592 -0.017778 -0.040979 -4.193647 -2.151652 0.194252
c593 -0.018278 -0.040732 -1.926325 0.338209 0.194440
c594 -0.020151 -0.040025 -1.451911 -1.314284 0.195499
c595 -0.020276 -0.039919 0.249209 -1.061737 0.195727
c596 -0.020053 -0.040140 -1.509668 2.095427 0.196153
c597 -0.021188 -0.038565 -3.326969 -0.785834 0.196905
c598 -0.022200 -0.038804 3.573694 -2.995647 0.197209
c599 -0.022066 -0.038916 7.544643 -2.025532 0.197247
c600 -0.019229 -0.039678 7.552634 0.747396 0.197623
c601 -0.017567 -0.039513 7.917192 1.930469 0.197843
c602 -0.016989 -0.039372 3.622719 -3.227192 0.197916
c603 -0.016921 -0.039433 6.257082 -3.091236 0.197935
c604 -0.016404 -0.039688 6.580549 -2.512226 0.198017
c605 -0.015349 -0.040091 6.249513 -2.631250 0.198178
c606 -0.015023 -0.040228 -2.245806 -6.820459 0.198230
c607 -0.015197 -0.040758 -0.086913 -4.786627 0.198307
c608 -0.015215 -0.041758 2.933839 -3.102489 0.198516
c609 -0.014918 -0.042073 -0.664281 -4.223160 0.198618
c610 -0.013116 -0.039207 -0.101476 -1.032366 0.199575
c611 -0.013128 -0.039325 -1.779782 -0.201226 0.199688
c612 -0.013873 -0.039409 1.510996 3.049461 0.200107
c613 -0.013716 -0.039093 0.559207 -1.775547 0.200211
c614 -0.013520 -0.039717 1.341201 3.472409 0.200562
c615 -0.013509 -0.039689 -2.532408 -1.035199 0.200571
c616 -0.014933 -0.040271 0.663592 -0.423569 0.201133
c617 -0.014602 -0.040482 5.235597 1.192647 0.201632
c618 -0.014115 -0.040371 11.723987 -0.860319 0.201725
c619 -0.013093 -0.040446 9.239242 -4.726228 0.201812
c620 -0.012744 -0.040625 3.615102 -7.341768 0.201850
c621 -0.012448 -0.041227 -1.414428 -2.928216 0.201932
c622 -0.012849 -0.042058 1.737318 -4.446631 0.202216
c623 -0.012151 -0.043095 0.211838 3.957954 0.202547
c624 -0.011987 -0.040041 -0.014778 4.156577 0.203318
c625 -0.011991 -0.038954 0.440606 -0.493935 0.203580
c626 -0.011928 -0.039024 4.859007 -4.703932 0.203723
c627 -0.011695 -0.039250 3.013917 -1.072381 0.203771
c628 -0.010133 -0.039806 2.924499 6.650674 0.204289
c629 -0.010065 -0.039653 2.991810 -0.500710 0.204313
c630 -0.007798 -0.040032 -2.541347 -2.194617 0.205070
c631 -0.007846 -0.040073 -3.167061 1.905041 0.205089
c632 -0.008400 -0.039740 2.651368 -0.043146 0.205264
c633 -0.006580 -0.039770 3.011349 0.435612 0.205951
c634 -0.005082 -0.039553 -0.193538 2.397143 0.206448
c635 -0.005199 -0.038109 -1.320374 -1.744254 0.207050
c636 -0.005778 -0.038874 4.113796 -3.387613 0.207489
c637 -0.004851 -0.039638 2.562012 -4.497195 0.207714
c638 -0.003758 -0.041556 -2.960984 -4.349200 0.208141
c639 -0.004368 -0.042453 -4.310895 -0.957357 0.208347
c640 -0.004593 -0.042503 -6.257102 -4.274793 0.208399
c641 -0.005790 -0.043320 -1.760752 -2.254879 0.208590
c642 -0.007075 -0.043537 -3.744122 -0.067000 0.209472
c643 -0.010636 -0.043600 4.063816 -0.665718 0.210423
c644 -0.010060 -0.043694 8.569108 2.771972 0.210564
c645 -0.004724 -0.041968 8.258160 5.110964 0.211187
c646 -0.004076 -0.041567 6.109405 -1.025208 0.211266
c647 -0.000485 -0.042170 4.842815 -2.655359 0.211853
c648 0.001863 -0.043457 -0.264131 2.209346 0.212338
c649 0.001719 -0.042256 -7.483264 1.214078 0.212882
c650 0.000520 -0.042062 -2.031980 -2.502831 0.213042
