c1 0.000000 0.000000 2.771272 2.463576 0.000267
c2 0.000654 0.000581 1.255174 2.587213 0.000503
c3 0.000688 0.000652 -0.886330 4.810220 0.000531
c4 0.000475 0.001809 -0.174861 -1.740150 0.000771
c5 0.000391 0.000977 -2.498713 -4.804954 0.001249
c6 -0.001109 -0.001908 1.229000 -9.354288 0.001849
c7 -0.001045 -0.002397 3.231703 -10.250596 0.001902
c8 -0.000995 -0.002555 5.878931 -9.130625 0.001917
c9 -0.000912 -0.002685 4.060441 -3.244327 0.001931
c10 0.000910 -0.004140 1.891215 -4.627801 0.002380
c11 0.004066 -0.011863 4.859880 1.351440 0.004049
c12 0.005080 -0.011581 0.761510 -1.169872 0.004257
c13 0.005162 -0.011707 2.028374 4.667675 0.004365
c14 0.005466 -0.011008 -3.093374 -0.577520 0.004515
c15 0.002797 -0.011506 -2.087624 2.887667 0.005378
c16 0.002148 -0.010608 -6.242184 1.523488 0.005689
c17 -0.000014 -0.010080 -6.235221 1.384065 0.006035
c18 -0.000842 -0.009897 -4.756708 0.510568 0.006168
c19 -0.001067 -0.009872 -0.736221 -2.159828 0.006216
c20 -0.001244 -0.010390 -0.223958 -2.742581 0.006455
c21 -0.001246 -0.010420 -4.576388 -1.949748 0.006466
c22 -0.001286 -0.010437 -3.941964 -2.669451 0.006475
c23 -0.006707 -0.014108 -2.436442 -4.652108 0.007850
c24 -0.009292 -0.019043 -0.037945 -1.471960 0.008911
c25 -0.009329 -0.020491 -4.003767 3.394485 0.009895
c26 -0.010272 -0.019692 -1.927143 -1.458711 0.010130
c27 -0.010343 -0.019746 -1.089088 0.576959 0.010167
c28 -0.010406 -0.019712 -2.578873 1.414117 0.010225
c29 -0.010976 -0.019400 -0.684855 -3.596452 0.010446
c30 -0.011371 -0.021475 -5.535080 -0.461393 0.011023
c31 -0.012904 -0.021602 -2.162132 1.374528 0.011300
c32 -0.014251 -0.020747 -2.606818 3.467239 0.011923
c33 -0.014338 -0.020630 -5.798559 5.300645 0.011956
c34 -0.015352 -0.019703 -1.799310 1.511539 0.012131
c35 -0.015668 -0.019438 -6.077526 -5.206836 0.012307
c36 -0.016093 -0.019802 -1.288861 -6.171922 0.012377
c37 -0.016885 -0.023595 -2.358404 -2.199091 0.012991
c38 -0.017505 -0.024173 3.805780 -1.837512 0.013254
c39 -0.013478 -0.026118 5.219652 1.260149 0.014312
c40 -0.012256 -0.025823 0.039187 -7.473952 0.014546
c41 -0.012254 -0.026190 -5.498206 -8.437517 0.014596
c42 -0.014690 -0.029928 2.205910 0.106179 0.015039
c43 -0.014101 -0.029899 3.750665 -3.103320 0.015306
c44 -0.013940 -0.030033 1.490885 -0.480103 0.015349
c45 -0.013598 -0.030143 10.327544 -1.489568 0.015578
c46 -0.012739 -0.030267 3.403789 -6.427877 0.015661
c47 -0.012734 -0.030276 -4.896290 0.415783 0.015662
c48 -0.012937 -0.030259 -5.487246 1.489098 0.015704
c49 -0.014322 -0.029883 -4.525783 -1.737717 0.015956
c50 -0.014897 -0.030103 -7.921322 -0.619647 0.016083
c51 -0.016007 -0.030190 3.559168 -0.683098 0.016223
c52 -0.014743 -0.030433 3.994863 1.942622 0.016578
c53 -0.013886 -0.030016 7.438663 -5.673641 0.016793
c54 -0.009836 -0.033105 -4.845995 -1.397647 0.017337
c55 -0.011732 -0.033652 0.516768 1.269886 0.017729
c56 -0.011645 -0.033439 -0.601521 3.391298 0.017897
c57 -0.012004 -0.031411 -4.440306 5.797584 0.018495
c58 -0.012211 -0.031141 -5.016313 4.487436 0.018541
c59 -0.012291 -0.031069 -4.497296 0.376373 0.018557
c60 -0.014116 -0.030916 -3.616558 7.495307 0.018963
c61 -0.014388 -0.030354 -3.736059 5.297029 0.019038
c62 -0.015117 -0.029320 -0.264764 3.116150 0.019233
c63 -0.015169 -0.028713 3.429435 -1.780720 0.019428
c64 -0.014825 -0.028891 -1.505434 1.973548 0.019528
c65 -0.015401 -0.028136 -0.439298 1.333680 0.019911
c66 -0.015602 -0.027526 3.132082 4.930379 0.020368
c67 -0.013377 -0.024024 2.596631 -2.780594 0.021079
c68 -0.011973 -0.025528 1.701005 2.902768 0.021620
c69 -0.011265 -0.024320 0.076187 4.644032 0.022036
c70 -0.011259 -0.023972 3.552226 1.217874 0.022111
c71 -0.011168 -0.023941 1.264001 -0.193197 0.022136
c72 -0.011080 -0.023954 -0.560000 4.845728 0.022206
c73 -0.011110 -0.023694 1.538151 4.031619 0.022260
c74 -0.010863 -0.023046 -4.906474 3.629202 0.022420
c75 -0.012635 -0.021735 -6.831142 10.431907 0.022782
c76 -0.013399 -0.020569 -4.828122 8.559007 0.022893
c77 -0.013965 -0.019564 -2.455612 3.537198 0.023011
c78 -0.015242 -0.017726 -2.787745 5.448446 0.023531
c79 -0.015370 -0.017476 -6.022714 4.510547 0.023577
c80 -0.016033 -0.016979 -7.343057 4.302695 0.023687
c81 -0.020049 -0.014626 -3.843461 -0.659418 0.024234
c82 -0.020871 -0.014767 -8.105234 0.028850 0.024447
c83 -0.023196 -0.014759 -4.050866 6.845046 0.024734
c84 -0.024195 -0.013071 -3.052140 1.309524 0.024981
c85 -0.024632 -0.012884 0.975722 3.430280 0.025124
c86 -0.024584 -0.012716 -6.705428 4.008203 0.025173
c87 -0.025510 -0.012162 2.586546 5.449178 0.025311
c88 -0.025078 -0.011251 0.365800 2.089811 0.025478
c89 -0.024895 -0.010208 5.723511 0.775817 0.025978
c90 -0.023959 -0.010081 4.901356 -2.132195 0.026141
c91 -0.023926 -0.010095 -6.130408 0.007997 0.026148
c92 -0.024434 -0.010094 -7.292937 0.041441 0.026231
c93 -0.027333 -0.010078 -3.645774 -7.991408 0.026628
c94 -0.027722 -0.010931 -1.462156 -2.398903 0.026735
c95 -0.028670 -0.012487 -2.058914 -8.515883 0.027383
c96 -0.029614 -0.016392 -0.943854 -11.127320 0.027842
c97 -0.029694 -0.017333 -5.526202 -1.553469 0.027926
c98 -0.030255 -0.017491 -4.794074 -3.774078 0.028028
c99 -0.035746 -0.021814 0.337601 -5.612379 0.029173
c100 -0.035614 -0.024016 0.786226 -4.644059 0.029566
c101 -0.035354 -0.025550 3.964280 -0.941104 0.029896
c102 -0.034528 -0.025746 5.565494 0.883932 0.030104
c103 -0.034462 -0.025735 5.310717 1.240203 0.030116
c104 -0.034092 -0.025649 3.051041 4.729951 0.030186
c105 -0.032708 -0.023503 -1.285792 -0.897046 0.030640
c106 -0.034201 -0.024544 0.447954 -2.146708 0.031800
c107 -0.033891 -0.026026 -0.609865 4.591086 0.032491
c108 -0.034047 -0.024852 0.771244 0.795527 0.032747
c109 -0.033978 -0.024781 1.299771 1.501769 0.032837
c110 -0.033911 -0.024704 1.479614 3.442955 0.032888
c111 -0.033709 -0.024233 -1.359705 1.056054 0.033025
c112 -0.034067 -0.023955 4.895708 4.512527 0.033288
c113 -0.032727 -0.022721 6.248190 1.980611 0.033561
c114 -0.031030 -0.022183 -3.040432 -2.844616 0.033833
c115 -0.032728 -0.023772 -0.084767 -8.449707 0.034391
c116 -0.032732 -0.024173 -6.453764 -5.473239 0.034439
c117 -0.035779 -0.026804 -5.674515 -3.337500 0.034984
c118 -0.034196 -0.025232 -0.697512 6.775098 0.035412
c119 -0.034504 -0.022241 -3.957432 6.420405 0.035853
c120 -0.035781 -0.020170 -2.045378 6.368003 0.036176
c121 -0.036075 -0.019254 -4.953366 5.266181 0.036319
c122 -0.037599 -0.017634 -7.428800 5.298759 0.036627
c123 -0.037758 -0.017520 -8.898332 1.440481 0.036649
c124 -0.040460 -0.015200 4.140335 0.247459 0.037326
c125 -0.039550 -0.015146 1.949739 -0.547962 0.037546
c126 -0.037072 -0.015842 1.164937 1.183777 0.038816
c127 -0.036701 -0.015465 -3.595966 -2.789359 0.039135
c128 -0.038558 -0.016906 -1.136831 -4.427012 0.039652
c129 -0.038655 -0.017280 -8.738693 -2.381782 0.039736
c130 -0.037766 -0.015821 -1.592780 8.426325 0.040486
c131 -0.037866 -0.015290 3.566521 5.585637 0.040549
c132 -0.036303 -0.012842 2.046121 6.289884 0.040987
c133 -0.036257 -0.012701 1.860858 2.132161 0.041010
c134 -0.035710 -0.012074 3.133973 -0.974644 0.041304
c135 -0.035129 -0.012255 7.043375 -4.478264 0.041489
c136 -0.034327 -0.012765 4.887995 -2.694798 0.041603
c137 -0.034031 -0.012928 5.700787 7.857047 0.041663
c138 -0.030390 -0.007910 -0.644973 3.576851 0.042302
c139 -0.030483 -0.007398 3.921049 3.822905 0.042445
c140 -0.030132 -0.007056 1.205073 1.342867 0.042535
c141 -0.029999 -0.006907 -6.086136 3.655854 0.042645
c142 -0.030514 -0.006598 -3.920592 5.111402 0.042730
c143 -0.030691 -0.006367 -1.326647 -0.130209 0.042775
c144 -0.030905 -0.006388 -3.548048 -5.582730 0.042937
c145 -0.031218 -0.006881 -0.823377 -0.371523 0.043025
c146 -0.031461 -0.006990 0.022555 -4.303647 0.043319
c147 -0.031458 -0.007574 -1.293961 3.805835 0.043455
c148 -0.031687 -0.006899 -2.154212 -1.111562 0.043633
c149 -0.032938 -0.007544 1.721406 0.743936 0.044213
c150 -0.032391 -0.007308 0.824670 -5.532825 0.044531
c151 -0.031969 -0.010139 -1.282293 -9.241384 0.045042
c152 -0.032259 -0.012223 4.253114 -7.694883 0.045268
c153 -0.028118 -0.019715 9.876121 -5.428337 0.046241
c154 -0.026485 -0.020612 9.974208 0.187126 0.046407
c155 -0.024371 -0.020572 4.580052 4.879248 0.046619
c156 -0.020714 -0.016677 3.717823 2.072721 0.047417
c157 -0.020515 -0.016566 2.469320 -3.048668 0.047471
c158 -0.019442 -0.017890 1.368228 -2.605587 0.047905
c159 -0.018765 -0.019180 3.771408 -0.992477 0.048400
c160 -0.018405 -0.019274 2.039129 -3.258290 0.048495
c161 -0.017490 -0.020737 1.906703 -2.639795 0.048944
c162 -0.017357 -0.020921 2.633918 -2.425790 0.049014
c163 -0.016024 -0.022149 -4.859887 5.077838 0.049520
c164 -0.016580 -0.021567 -0.370073 0.233540 0.049635
c165 -0.016652 -0.021522 -3.539877 -2.759195 0.049828
c166 -0.017024 -0.021812 -1.719137 -2.768291 0.049933
c167 -0.017227 -0.022139 -1.547140 -1.254153 0.050052
c168 -0.019567 -0.024036 -1.286137 0.651092 0.051564
c169 -0.019634 -0.024002 3.769042 4.495339 0.051616
c170 -0.018460 -0.022603 -0.288581 -7.714518 0.051927
c171 -0.018530 -0.024467 5.482052 -7.225804 0.052169
c172 -0.017831 -0.025389 0.084995 -2.374099 0.052296
c173 -0.017766 -0.027205 2.863996 1.398940 0.053061
c174 -0.016862 -0.026764 -1.073566 -2.636908 0.053377
c175 -0.017108 -0.027367 -3.498032 1.430963 0.053606
c176 -0.019479 -0.026397 0.600043 -3.534095 0.054283
c177 -0.019374 -0.027017 7.722113 -2.006256 0.054459
c178 -0.018966 -0.027123 2.390393 -4.798689 0.054512
c179 -0.018889 -0.027277 -1.241619 -5.526275 0.054544
c180 -0.018889 -0.027277 3.367618 3.550176 0.054544
c181 -0.018767 -0.027147 -2.713901 9.495286 0.054580
c182 -0.019082 -0.026043 -3.739835 2.661111 0.054697
c183 -0.020571 -0.024983 -3.701233 1.568781 0.055095
c184 -0.021924 -0.024410 -0.609794 5.237131 0.055460
c185 -0.022219 -0.021884 -4.159907 3.262626 0.055943
c186 -0.023253 -0.021073 -0.927101 5.306219 0.056191
c187 -0.023526 -0.019511 -4.935630 4.523476 0.056486
c188 -0.024117 -0.018969 2.124091 -2.432629 0.056605
c189 -0.023317 -0.019885 -4.367836 2.923142 0.056982
c190 -0.024295 -0.019231 0.227147 4.305806 0.057206
c191 -0.024280 -0.018947 1.135129 4.763183 0.057272
c192 -0.022912 -0.013206 -3.090386 10.094345 0.058477
c193 -0.024672 -0.007455 -0.247449 10.090006 0.059047
c194 -0.024786 -0.002845 -4.619851 4.411915 0.059504
c195 -0.025490 -0.002172 1.340545 -2.102926 0.059656
c196 -0.025083 -0.002810 -6.796680 -0.034595 0.059959
c197 -0.027836 -0.002824 -8.505887 2.380891 0.060364
c198 -0.028445 -0.002653 -11.344909 -3.120610 0.060436
c199 -0.029152 -0.002848 -2.894665 0.076376 0.060498
c200 -0.030707 -0.002807 -4.978192 -2.527697 0.061035
c201 -0.035620 -0.005301 -3.408124 -1.411623 0.062022
c202 -0.036110 -0.005504 1.735498 -4.206859 0.062166
c203 -0.035573 -0.006806 -2.327412 4.126336 0.062475
c204 -0.037175 -0.003964 -3.684101 5.603090 0.063164
c205 -0.037754 -0.003083 -4.059088 8.199792 0.063321
c206 -0.038168 -0.002248 -5.563716 -0.190283 0.063423
c207 -0.039564 -0.002296 -5.454633 0.778439 0.063674
c208 -0.039987 -0.002235 -2.282496 3.658409 0.063751
c209 -0.040198 -0.001898 -0.384672 6.587784 0.063844
c210 -0.040208 -0.001717 2.973779 6.551822 0.063871
c211 -0.039159 0.000595 -3.458434 3.869587 0.064224
c212 -0.039912 0.001438 -4.426552 1.206654 0.064442
c213 -0.040438 0.001581 -11.233136 1.233001 0.064561
c214 -0.043060 0.001869 -4.416038 2.050200 0.064794
c215 -0.043419 0.002036 7.334357 2.872367 0.064875
c216 -0.042483 0.002402 11.696933 3.331771 0.065003
c217 -0.038547 0.003523 7.189574 3.844901 0.065339
c218 -0.035638 0.005079 10.883363 0.702910 0.065744
c219 -0.034785 0.005134 7.765296 1.577669 0.065822
c220 -0.019089 0.008323 4.368505 5.087505 0.067844
c221 -0.018708 0.008767 8.424758 -2.816336 0.067931
c222 -0.016030 0.007871 7.963490 0.087400 0.068249
c223 -0.014924 0.007883 3.389929 -5.610759 0.068388
c224 -0.014053 0.006442 -3.680165 -3.533268 0.068645
c225 -0.015144 0.005395 -9.125079 2.264549 0.068941
c226 -0.022691 0.007268 -4.792390 -0.742495 0.069768
c227 -0.023240 0.007183 -0.728112 5.694126 0.069882
c228 -0.023481 0.009068 -2.948123 -1.589532 0.070214
c229 -0.023579 0.009015 0.580545 -0.213333 0.070247
c230 -0.023430 0.008961 1.215992 0.119845 0.070502
c231 -0.023394 0.008964 -1.772532 -4.689589 0.070532
c232 -0.023417 0.008904 -0.271847 -3.861224 0.070545
c233 -0.023517 0.007476 -1.917332 -0.486735 0.070915
c234 -0.024527 0.007220 0.642966 1.972156 0.071442
c235 -0.024278 0.007983 -1.011162 -0.619483 0.071829
c236 -0.024287 0.007977 1.265953 1.010214 0.071837
c237 -0.023537 0.008575 3.410082 1.276524 0.072429
c238 -0.023072 0.008749 2.816364 -0.249116 0.072566
c239 -0.023032 0.008746 -0.449098 -2.019974 0.072580
c240 -0.023140 0.008258 -2.282373 0.034349 0.072822
c241 -0.026300 0.008305 -2.058962 4.074728 0.074206
c242 -0.026676 0.009049 -6.419481 0.036305 0.074388
c243 -0.026716 0.009049 -3.032138 0.489544 0.074395
c244 -0.028289 0.009303 -3.204244 1.435787 0.074914
c245 -0.028470 0.009384 0.550148 3.566305 0.074970
c246 -0.027984 0.012536 -0.827360 5.477112 0.075854
c247 -0.028661 0.017014 -0.263716 7.283874 0.076672
c248 -0.028712 0.018438 4.169049 0.422706 0.076867
c249 -0.028066 0.018504 2.562667 2.415935 0.077022
c250 -0.026888 0.019614 8.283284 0.814900 0.077482
c251 -0.025271 0.019773 7.958475 3.048121 0.077677
c252 -0.022227 0.020939 -1.745754 8.114293 0.078060
c253 -0.022324 0.021390 2.229017 9.181007 0.078115
c254 -0.020588 0.028539 1.773766 1.055510 0.078894
c255 -0.020106 0.028826 6.347428 0.849437 0.079166
c256 -0.019664 0.028885 3.864527 2.537009 0.079235
c257 -0.018334 0.029759 -0.730768 4.659454 0.079579
c258 -0.018765 0.032509 -0.370369 0.026428 0.080170
c259 -0.018814 0.032513 -5.071734 -3.413653 0.080303
c260 -0.020101 0.031647 -8.507723 2.212889 0.080557
c261 -0.023156 0.032441 -6.757973 -3.494242 0.080916
c262 -0.027992 0.029940 3.474142 -1.045114 0.081632
c263 -0.027310 0.029735 -4.935444 -5.719074 0.081828
c264 -0.027983 0.028955 3.069604 -1.120701 0.081965
c265 -0.026126 0.028277 0.217055 1.349995 0.082570
c266 -0.026125 0.028284 -2.627225 1.414012 0.082575
c267 -0.026264 0.028359 -8.939430 2.034724 0.082628
c268 -0.028206 0.028801 -8.953084 0.254151 0.082845
c269 -0.029548 0.028839 -7.372344 2.817644 0.082995
c270 -0.030096 0.029048 -13.308474 3.772747 0.083069
c271 -0.031695 0.029501 -10.086977 8.347676 0.083189
c272 -0.031709 0.029513 -2.447692 7.498021 0.083191
c273 -0.029094 0.030390 2.529103 -2.299485 0.083857
c274 -0.028587 0.029929 -2.296359 -4.046517 0.084057
c275 -0.029674 0.028014 -0.691789 -2.727381 0.084530
c276 -0.029687 0.027962 -2.378609 0.042631 0.084550
c277 -0.031827 0.028001 -3.716000 3.905484 0.085449
c278 -0.033388 0.029715 8.122961 6.876989 0.085992
c279 -0.028998 0.033431 4.881867 9.958538 0.086532
c280 -0.019083 0.037295 1.384683 4.637731 0.087542
c281 -0.018981 0.037636 5.069868 5.260097 0.087616
c282 -0.017901 0.038756 0.455059 -2.293307 0.087829
c283 -0.017708 0.037779 2.273293 3.611891 0.088255
c284 -0.016827 0.039178 -0.037920 -0.777703 0.088643
c285 -0.016840 0.038910 0.995646 -0.247365 0.088988
c286 -0.016673 0.038868 1.637382 -1.227081 0.089156
c287 -0.015725 0.038158 -2.602754 -1.107683 0.089735
c288 -0.015895 0.038086 0.790223 5.836258 0.089800
c289 -0.015851 0.038410 2.726278 3.970576 0.089855
c290 -0.014740 0.040027 0.208562 1.021151 0.090262
c291 -0.014692 0.040262 3.366225 -1.437491 0.090492
c292 -0.014652 0.040245 4.423870 2.411434 0.090504
c293 -0.011823 0.041787 -0.461700 7.899091 0.091144
c294 -0.009897 0.039490 2.486402 0.939988 0.091903
c295 -0.006433 0.040800 -3.018026 2.694347 0.093296
c296 -0.007234 0.041515 -2.712193 5.729447 0.093561
c297 -0.008683 0.041248 3.796154 -1.889766 0.094493
c298 -0.008565 0.041189 4.017870 0.898133 0.094524
c299 -0.006603 0.041627 -1.097958 -0.138391 0.095013
c300 -0.006883 0.041592 -2.788085 3.296513 0.095267
c301 -0.007520 0.042345 3.130052 5.131587 0.095496
c302 -0.003592 0.042193 8.709970 -1.599689 0.096513
c303 0.002533 0.041068 7.964236 -6.999166 0.097217
c304 0.005013 0.038888 0.172714 -7.033488 0.097528
c305 0.005040 0.037797 2.432716 -1.734094 0.097683
c306 0.005275 0.037630 0.258374 1.296097 0.097780
c307 0.005321 0.037858 3.460730 -5.734921 0.097956
c308 0.006571 0.035786 9.440219 -5.004567 0.098317
c309 0.019486 0.028939 2.918275 1.193412 0.099685
c310 0.020187 0.029226 0.867090 -6.330487 0.099925
c311 0.020741 0.025180 6.925835 -3.560742 0.100565
c312 0.025828 0.022564 -1.090690 -3.491905 0.101299
c313 0.025746 0.022299 1.218525 -5.847831 0.101375
c314 0.025819 0.021944 4.028100 -6.068277 0.101436
c315 0.026838 0.020410 4.978199 -3.805248 0.101689
c316 0.026917 0.020349 1.566677 0.032262 0.101705
c317 0.026972 0.020351 7.202319 -2.029822 0.101740
c318 0.028807 0.019833 12.473482 -1.086054 0.101995
c319 0.029737 0.019752 0.676720 -1.209916 0.102069
c320 0.029823 0.019599 -0.310249 -2.451787 0.102196
c321 0.029791 0.019350 -3.186482 -7.607278 0.102298
c322 0.029430 0.018488 -1.298903 -7.780193 0.102411
c323 0.029280 0.017590 -1.735549 -2.177687 0.102526
c324 0.028923 0.017142 -5.378856 -1.166829 0.102732
c325 0.027281 0.016786 -5.105892 -1.173209 0.103037
c326 0.026387 0.016580 -2.147439 0.960076 0.103212
c327 0.026345 0.016599 0.436112 -2.135980 0.103232
c328 0.026512 0.015779 -1.235902 -4.079640 0.103616
c329 0.026305 0.015095 -1.333476 -1.889992 0.103784
c330 0.025563 0.014043 0.983248 3.240198 0.104340
c331 0.027109 0.019139 -0.468481 2.243946 0.105913
c332 0.026950 0.019901 6.440132 2.998589 0.106253
c333 0.027180 0.020008 7.926039 0.687103 0.106288
c334 0.028880 0.020155 8.068159 -2.525865 0.106503
c335 0.033587 0.018682 4.935380 0.014082 0.107086
c336 0.035658 0.018688 2.746041 5.205939 0.107506
c337 0.038016 0.023159 2.234131 4.377942 0.108365
c338 0.038023 0.023173 -0.655641 -0.287157 0.108368
c339 0.038022 0.023172 -1.589693 -1.803488 0.108369
c340 0.037494 0.022574 2.229751 -8.132544 0.108701
c341 0.037786 0.021508 5.820717 -3.386512 0.108832
c342 0.038831 0.020901 6.697716 -5.674793 0.109012
c343 0.039024 0.020737 11.187792 1.426289 0.109040
c344 0.039430 0.020348 -6.400019 -0.594408 0.109176
c345 0.039034 0.020312 -5.792842 -2.527884 0.109238
c346 0.037920 0.019826 -3.538848 2.708115 0.109431
c347 0.036338 0.021037 -2.546334 1.004637 0.109878
c348 0.035586 0.021333 0.128180 -1.622150 0.110173
c349 0.035787 0.018788 -0.077779 5.831625 0.111742
c350 0.035785 0.018932 2.967936 -3.977459 0.111767
c351 0.037871 0.016138 6.241469 -0.193084 0.112469
c352 0.039193 0.016097 -2.999120 -1.657049 0.112681
c353 0.038464 0.015694 -8.652225 -4.850636 0.112924
c354 0.035346 0.013946 -3.696839 2.401922 0.113284
c355 0.032186 0.015999 1.253806 -1.604139 0.114139
c356 0.033238 0.014653 3.060032 -1.262304 0.114978
c357 0.033523 0.014535 -2.667644 1.836867 0.115071
c358 0.033104 0.014824 -3.263506 -3.548548 0.115229
c359 0.032607 0.014283 -5.453202 -1.300530 0.115381
c360 0.032106 0.014164 -1.349307 -3.132468 0.115473
c361 0.032096 0.014142 -2.197633 -0.290395 0.115480
c362 0.031980 0.014127 -4.239868 0.865439 0.115533
c363 0.031515 0.014222 0.748050 -7.175566 0.115642
c364 0.031792 0.011565 5.502070 2.067940 0.116013
c365 0.035367 0.012909 1.797891 0.262657 0.116662
c366 0.035835 0.012977 1.867022 -2.911332 0.116923
c367 0.036062 0.012624 -0.931942 4.721410 0.117044
c368 0.035985 0.013012 -1.873754 -3.869238 0.117127
c369 0.035232 0.011456 -4.517485 0.542309 0.117529
c370 0.033566 0.011656 -4.966976 2.511317 0.117898
c371 0.033446 0.011717 -6.789805 -6.553320 0.117922
c372 0.033218 0.011497 -7.214997 -5.420525 0.117955
c373 0.024177 0.004704 -11.378997 -2.982717 0.119208
c374 0.020047 0.003622 -1.958396 -2.861333 0.119571
c375 0.019861 0.003350 0.582452 -7.476845 0.119666
c376 0.020352 -0.002950 0.045594 -0.893943 0.120509
c377 0.020358 -0.003081 3.134978 -2.651511 0.120656
c378 0.020695 -0.003366 -1.196122 -1.453332 0.120763
c379 0.020694 -0.003368 0.134944 -2.775331 0.120764
c380 0.020780 -0.005148 2.178440 -1.109907 0.121406
c381 0.022123 -0.005832 -8.926375 -4.063213 0.122022
c382 0.020991 -0.006347 2.666412 -6.115577 0.122149
c383 0.021447 -0.007392 10.146428 -2.625536 0.122320
c384 0.024596 -0.008207 11.910655 -9.438697 0.122630
c385 0.025683 -0.009068 5.828187 -7.148832 0.122721
c386 0.025796 -0.009206 0.423622 -2.964458 0.122741
c387 0.026193 -0.011986 -3.507987 -3.041323 0.123678
c388 0.023364 -0.014438 -4.726240 5.377266 0.124485
c389 0.023105 -0.014143 1.343029 5.479409 0.124539
c390 0.023759 -0.011476 3.121071 8.350001 0.125026
c391 0.023768 -0.011452 10.147453 2.239984 0.125029
c392 0.028632 -0.010378 7.364974 5.867869 0.125508
c393 0.029283 -0.009859 4.855117 1.303946 0.125597
c394 0.030836 -0.009442 3.239367 2.372524 0.125917
c395 0.040246 -0.002550 4.202177 8.898554 0.128822
c396 0.040384 -0.002258 2.567596 8.637703 0.128854
c397 0.040523 -0.001792 -8.745592 4.273085 0.128908
c398 0.037744 -0.000435 -7.303082 -3.298296 0.129226
c399 0.034457 -0.001919 -8.976191 -10.077621 0.129676
c400 0.034065 -0.002360 -11.780511 -5.122962 0.129720
c401 0.032647 -0.002976 2.343034 2.636598 0.129840
c402 0.033030 -0.002545 0.391680 4.050743 0.130004
c403 0.033173 -0.001072 8.114709 1.378000 0.130367
c404 0.035773 -0.000631 4.177303 -5.057827 0.130688
c405 0.039271 -0.004866 1.161034 0.953112 0.131525
c406 0.039402 -0.004758 -3.991032 -7.250987 0.131638
c407 0.038751 -0.005940 -1.480481 -7.988576 0.131801
c408 0.038741 -0.005994 1.463159 -4.895608 0.131808
c409 0.038971 -0.006763 0.486010 6.709905 0.131965
c410 0.039031 -0.005931 0.840852 -0.326451 0.132089
c411 0.039386 -0.006069 1.721133 -1.835361 0.132511
c412 0.039751 -0.006458 -1.666585 5.854588 0.132723
c413 0.039407 -0.005249 -2.769732 5.204555 0.132930
c414 0.038166 -0.002917 -1.341210 2.416149 0.133378
c415 0.037477 -0.001675 1.270163 1.876686 0.133892
c416 0.038486 -0.000184 -1.775747 5.464502 0.134686
c417 0.037972 0.001399 2.170324 -2.450567 0.134976
c418 0.038624 0.000662 0.806003 -3.251809 0.135277
c419 0.038751 0.000152 -0.006086 -3.823677 0.135433
c420 0.038749 -0.000632 0.504122 1.989555 0.135638
c421 0.038753 -0.000617 5.205917 -1.281981 0.135646
c422 0.039306 -0.000754 3.727252 -2.392489 0.135752
c423 0.040019 -0.001211 2.606707 -2.931760 0.135943
c424 0.040341 -0.001574 2.445363 -4.113490 0.136067
c425 0.040473 -0.001796 -2.669502 1.604084 0.136121
c426 0.040334 -0.001712 -2.881867 0.464468 0.136173
c427 0.038653 -0.001441 -0.382378 -7.535286 0.136756
c428 0.038554 -0.003388 -2.611610 -7.211969 0.137015
c429 0.037027 -0.007604 2.403632 -7.305006 0.137599
c430 0.039252 -0.014365 1.453847 -2.527214 0.138525
c431 0.039972 -0.015617 1.324079 -4.124724 0.139020
c432 0.040086 -0.019030 -1.503337 -3.433436 0.139974
c433 0.038876 -0.021794 0.564020 0.243605 0.140780
c434 0.039039 -0.021724 3.729484 -4.951526 0.141068
c435 0.038837 -0.021967 -3.617875 -3.084695 0.141193
c436 0.036281 -0.024145 1.838371 -1.838342 0.141899
c437 0.036624 -0.024489 5.248511 -4.175614 0.142086
c438 0.034267 -0.023344 -5.827629 7.643389 0.142756
c439 0.033261 -0.022024 3.170731 3.185482 0.142929
c440 0.034989 -0.020288 1.548797 3.386278 0.143474
c441 0.035160 -0.019915 2.408631 1.859525 0.143584
c442 0.036121 -0.019173 -4.568530 -4.113824 0.143983
c443 0.033357 -0.021662 4.186572 -1.636280 0.144588
c444 0.033633 -0.021769 0.105647 0.837666 0.144654
c445 0.033673 -0.021447 -4.089728 -0.346448 0.145039
c446 0.033386 -0.021471 1.934715 -0.394732 0.145109
c447 0.033523 -0.021499 -5.934145 1.488473 0.145180
c448 0.029871 -0.020583 -4.420494 7.215751 0.145795
c449 0.028797 -0.018831 -0.344581 9.148537 0.146038
c450 0.028777 -0.018296 -1.510411 1.161740 0.146097
c451 0.028769 -0.018289 2.563342 0.463010 0.146102
c452 0.029249 -0.018203 0.235844 7.304577 0.146290
c453 0.029305 -0.016468 -4.445085 2.611593 0.146527
c454 0.028833 -0.016190 -5.651360 4.563703 0.146633
c455 0.026667 -0.014441 -4.955354 2.518716 0.147017
c456 0.022871 -0.012512 -6.668715 4.856258 0.147783
c457 0.017186 -0.008372 -7.638401 3.926086 0.148635
c458 0.016473 -0.008006 -6.334848 0.237998 0.148728
c459 0.011858 -0.007832 -1.496897 -0.131531 0.149457
c460 0.011601 -0.007855 -0.875452 -2.632738 0.149628
c461 0.011084 -0.009411 -0.043043 4.959781 0.150220
c462 0.011073 -0.008151 5.251037 1.486844 0.150474
c463 0.011437 -0.008048 2.631503 -2.247922 0.150543
c464 0.011478 -0.008083 5.205097 -3.437037 0.150559
c465 0.016211 -0.011208 0.769280 3.923179 0.151468
c466 0.016298 -0.010762 -4.770323 5.589233 0.151582
c467 0.013889 -0.007939 -0.839543 -3.538992 0.152087
c468 0.013475 -0.009683 -2.156018 -0.227280 0.152580
c469 0.012492 -0.009787 1.681060 -1.487681 0.153035
c470 0.013164 -0.010381 5.491443 -0.293503 0.153435
c471 0.013336 -0.010390 1.704604 -1.976393 0.153466
c472 0.013677 -0.010785 3.578070 -4.128293 0.153666
c473 0.013957 -0.011108 -0.035181 7.173398 0.153744
c474 0.013954 -0.010488 1.622364 5.154376 0.153831
c475 0.014187 -0.009747 0.323845 -0.923950 0.153975
c476 0.014433 -0.010446 0.941473 -1.313752 0.154732
c477 0.015518 -0.011960 6.378449 3.513825 0.155885
c478 0.016365 -0.011494 5.400897 0.485740 0.156017
c479 0.017783 -0.011366 8.853483 -4.014300 0.156280
c480 0.018651 -0.011760 7.175160 -7.327599 0.156378
c481 0.019292 -0.012414 0.649596 -5.872039 0.156467
c482 0.019570 -0.014930 -1.970531 -10.821948 0.156896
c483 0.019510 -0.015260 1.490836 -7.613434 0.156926
c484 0.019848 -0.016987 3.735030 -2.655158 0.157153
c485 0.020954 -0.017773 2.875789 -4.537075 0.157449
c486 0.021699 -0.018947 -4.009651 -6.963543 0.157708
c487 0.019744 -0.022342 -7.070995 -7.334249 0.158195
c488 0.017658 -0.024505 -8.392502 -1.388143 0.158490
c489 0.014311 -0.025059 1.309538 2.165393 0.158889
c490 0.014316 -0.025049 3.103253 -1.715086 0.158894
c491 0.014782 -0.025306 4.298547 -1.476916 0.159044
c492 0.015996 -0.025723 -1.338175 -7.311765 0.159326
c493 0.015929 -0.026088 -2.131136 -1.184335 0.159376
c494 0.014861 -0.026682 1.097582 -0.193108 0.159877
c495 0.015128 -0.026729 1.855560 -1.464482 0.160120
c496 0.016379 -0.027716 -5.538799 3.603798 0.160795
c497 0.015680 -0.027262 -6.316733 -1.733743 0.160921
c498 0.015158 -0.027405 -5.177025 -0.917452 0.161004
c499 0.014855 -0.027459 -3.212657 -4.298931 0.161062
c500 0.014492 -0.027945 0.279467 -1.300537 0.161175
c501 0.014760 -0.029192 4.090604 3.551159 0.162135
c502 0.015057 -0.028934 3.920432 -4.599210 0.162207
c503 0.015114 -0.029001 -5.757510 2.262661 0.162222
c504 0.014939 -0.028933 -2.414770 -3.516842 0.162252
c505 0.013807 -0.030582 2.242456 -3.470889 0.162721
c506 0.015080 -0.032554 6.004497 1.350322 0.163289
c507 0.018893 -0.031696 2.791965 -4.646282 0.163924
c508 0.020132 -0.033758 0.116279 -4.585799 0.164368
c509 0.020190 -0.036027 1.094082 -2.428929 0.164863
c510 0.020418 -0.036533 5.901624 2.960471 0.165071
c511 0.021956 -0.035761 3.130149 -2.382107 0.165332
c512 0.022465 -0.036148 1.749830 -4.159477 0.165494
c513 0.022662 -0.037515 -2.917832 -3.163910 0.166304
c514 0.019951 -0.040255 3.151638 3.176530 0.167211
c515 0.020451 -0.039751 6.209502 -3.456134 0.167369
c516 0.020624 -0.039847 10.993919 -2.286528 0.167397
c517 0.021610 -0.038058 2.043114 5.891815 0.167593
c518 0.021825 -0.037439 -5.142474 5.634626 0.167698
c519 0.021501 -0.037084 -6.698209 2.489312 0.167761
c520 0.019517 -0.036347 -3.542687 -1.093413 0.168057
c521 0.013446 -0.038220 -3.329538 5.291113 0.169771
c522 0.011516 -0.035153 -0.028626 3.903811 0.170351
c523 0.011507 -0.033925 -2.219042 2.833061 0.170665
c524 0.010620 -0.032792 -5.184620 1.586821 0.171065
c525 0.010165 -0.032653 -4.590924 1.103667 0.171153
c526 0.009791 -0.032563 -7.441590 0.457717 0.171235
c527 0.009722 -0.032558 -6.556887 -2.763975 0.171244
c528 0.008723 -0.032980 -2.009624 2.192340 0.171396
c529 0.007237 -0.031359 1.886053 2.236248 0.172135
c530 0.008442 -0.029930 0.930758 1.446001 0.172774
c531 0.008477 -0.029876 -5.940616 1.008804 0.172812
c532 0.007580 -0.029724 -7.071064 -1.517591 0.172963
c533 0.005196 -0.030235 -5.658982 3.844752 0.173300
c534 0.004218 -0.029571 -3.622191 -4.197739 0.173473
c535 0.003326 -0.030604 -3.630375 -1.043266 0.173719
c536 0.002908 -0.030724 -0.062214 0.404786 0.173834
c537 0.002866 -0.030452 -1.094849 -6.605031 0.174507
c538 0.002133 -0.034875 4.640240 -4.120906 0.175176
c539 0.002312 -0.035035 1.201841 -2.189788 0.175215
c540 0.002327 -0.035061 5.495699 -4.826646 0.175227
c541 0.004309 -0.036802 3.024920 -10.071119 0.175588
c542 0.004751 -0.038274 5.065611 -9.760104 0.175734
c543 0.004774 -0.038317 7.094710 -4.660983 0.175738
c544 0.005023 -0.038481 -1.266452 1.510708 0.175773
c545 0.004697 -0.038091 -2.577321 7.649705 0.176031
c546 0.002955 -0.032924 2.047281 7.485969 0.176707
c547 0.003002 -0.032753 -2.864573 5.133691 0.176730
c548 0.002771 -0.032338 2.026147 6.873163 0.176811
c549 0.003096 -0.031235 4.497484 1.116021 0.176971
c550 0.003124 -0.031228 5.949695 7.701448 0.176977
c551 0.005899 -0.027636 3.713832 7.576515 0.177444
c552 0.006628 -0.026149 4.354277 1.373370 0.177640
c553 0.010524 -0.024920 -0.668989 1.882196 0.178535
c554 0.010499 -0.024850 -1.385889 -2.422927 0.178572
c555 0.010082 -0.025579 2.131808 -1.458525 0.178873
c556 0.010761 -0.026044 -0.039811 -1.353457 0.179191
c557 0.010760 -0.026095 2.558539 6.131045 0.179229
c558 0.011854 -0.023474 -4.694938 3.399187 0.179657
c559 0.007681 -0.020453 -1.476371 3.294409 0.180546
c560 0.006968 -0.018863 2.503369 -2.235095 0.181028
c561 0.007474 -0.019314 -2.011202 2.210110 0.181230
c562 0.006158 -0.017869 0.483162 5.062728 0.181884
c563 0.006367 -0.015680 4.805046 4.028654 0.182317
c564 0.006727 -0.015379 5.886398 4.335968 0.182391
c565 0.007564 -0.014762 2.820720 -4.213791 0.182534
c566 0.009034 -0.016958 -1.248796 -3.307787 0.183055
c567 0.007210 -0.021788 3.970859 0.044764 0.184515
c568 0.010212 -0.021754 -3.781406 -1.426050 0.185271
c569 0.008940 -0.022234 -2.563723 -3.719687 0.185607
c570 0.008740 -0.022524 -0.697143 0.760115 0.185685
c571 0.008630 -0.022404 -2.252843 -5.862937 0.185843
c572 0.005607 -0.030270 0.908128 -0.485378 0.187185
c573 0.005916 -0.030435 0.003056 -3.522943 0.187525
c574 0.005916 -0.030641 1.897863 -4.306700 0.187583
c575 0.006316 -0.031548 2.718552 -6.452137 0.187794
c576 0.007019 -0.033216 2.579561 -8.229165 0.188052
c577 0.007255 -0.033969 3.028870 -2.856791 0.188144
c578 0.007803 -0.034486 2.922760 -3.746307 0.188325
c579 0.008449 -0.035313 -3.946933 5.636095 0.188546
c580 0.008182 -0.034933 -4.645429 3.041657 0.188613
c581 0.005829 -0.033392 -4.503266 3.030325 0.189120
c582 0.003611 -0.031900 -1.163142 -2.387564 0.189612
c583 0.003587 -0.031949 -3.654111 -6.180471 0.189633
c584 0.003104 -0.032766 -2.255280 -7.747278 0.189765
c585 0.001210 -0.039274 0.423379 -0.857695 0.190605
c586 0.001301 -0.039460 -3.354187 -2.979542 0.190822
c587 0.000469 -0.040200 3.384187 -3.911626 0.191070
c588 0.001237 -0.041088 5.520553 -2.508313 0.191297
c589 0.014422 -0.037927 -4.476479 4.820881 0.194021
c590 0.008742 -0.031809 -5.646742 0.812713 0.195290
c591 0.004812 -0.031244 2.108991 5.015324 0.195986
c592 0.005801 -0.028892 -0.910959 2.784021 0.196455
c593 0.005714 -0.028624 2.853597 1.037174 0.196551
c594 0.005838 -0.028579 4.276165 -0.775861 0.196594
c595 0.008217 -0.029010 1.822857 1.274264 0.197151
c596 0.008452 -0.028846 -2.891185 -5.419539 0.197280
c597 0.008084 -0.029537 -1.059416 -7.777317 0.197407
c598 0.007942 -0.030576 1.485074 1.960258 0.197541
c599 0.008635 -0.029661 -1.583143 -4.848066 0.198008
c600 0.008528 -0.029989 -3.523422 0.359483 0.198075
c601 0.007372 -0.029871 1.803512 -3.653100 0.198404
c602 0.008683 -0.032528 6.968561 -2.453802 0.199131
c603 0.015516 -0.034934 1.318677 0.562151 0.200112
c604 0.016295 -0.034602 -1.282931 1.780424 0.200702
c605 0.015138 -0.032996 -2.652312 -4.650656 0.201604
c606 0.014853 -0.033496 -1.442917 -2.374951 0.201711
c607 0.014280 -0.034440 1.652237 1.497153 0.202109
c608 0.014811 -0.033959 0.424971 -0.124213 0.202430
c609 0.015054 -0.034030 -3.575693 -0.346626 0.203002
c610 0.014429 -0.034090 -9.371939 -2.054280 0.203177
c611 0.011666 -0.034696 -0.257721 -5.125128 0.203472
c612 0.011662 -0.034768 -0.424850 -9.394324 0.203486
c613 0.011494 -0.038494 -0.362077 -5.733496 0.203883
c614 0.011420 -0.039662 -4.867776 -7.114369 0.204086
c615 0.010310 -0.041284 -7.430444 -5.621336 0.204314
c616 0.008431 -0.042705 -7.358614 1.242993 0.204567
c617 0.007774 -0.042594 -8.663186 6.523074 0.204657
c618 0.004633 -0.040229 -7.681784 1.283014 0.205019
c619 0.001960 -0.039783 -6.374514 3.737847 0.205367
c620 0.000446 -0.038895 -4.232805 4.334901 0.205605
c621 -0.000378 -0.038051 -1.135292 3.231070 0.205799
c622 -0.000755 -0.036978 -0.667245 2.004720 0.206131
c623 -0.000874 -0.036621 -0.553862 1.814267 0.206309
c624 -0.001128 -0.035788 5.728216 -1.668263 0.206768
c625 -0.001107 -0.035794 5.178148 -4.264429 0.206772
c626 0.004833 -0.040686 3.801741 -2.001041 0.207919
c627 0.005596 -0.041087 5.296208 -8.006892 0.208120
c628 0.006196 -0.041994 -1.959770 -9.339244 0.208233
c629 0.005971 -0.043066 -5.337277 -1.384593 0.208348
c630 0.005969 -0.043067 -8.544986 -3.462832 0.208348
c631 0.004886 -0.043506 -10.612350 -1.371525 0.208475
c632 0.004135 -0.043603 -0.217620 -5.281516 0.208546
c633 0.003688 -0.043061 4.664040 3.264393 0.209115
c634 0.004376 -0.042579 -1.378860 5.800393 0.209263
c635 0.003954 -0.040804 -3.553508 9.077835 0.209569
c636 0.002662 -0.037504 -5.411966 5.844930 0.209932
c637 0.002616 -0.037454 -0.689858 2.604941 0.209941
c638 0.001551 -0.033433 -4.119576 4.687939 0.211484
c639 -0.000092 -0.031563 -4.159773 6.122189 0.211883
c640 -0.000297 -0.031261 -5.219999 6.809578 0.211933
c641 -0.000805 -0.030598 -4.583836 -0.172407 0.212030
c642 -0.001353 -0.030619 -1.180231 -2.426634 0.212149
c643 -0.001385 -0.030686 -2.991875 -0.583073 0.212177
c644 -0.001765 -0.030760 -3.774829 0.156929 0.212304
c645 -0.004392 -0.030651 -5.984025 -0.696529 0.213000
c646 -0.004494 -0.030662 3.924924 -0.336827 0.213017
c647 -0.004426 -0.030668 1.771788 -1.180371 0.213034
