c1 0.000000 0.000000 -3.004143 -3.776526 0.000034
c2 -0.000516 -0.000648 -2.092166 0.146318 0.000205
c3 -0.000568 -0.000645 -5.479557 -1.885643 0.000230
c4 -0.001022 -0.000801 0.978553 3.391567 0.000313
c5 -0.001016 -0.000780 5.102154 -2.521279 0.000319
c6 -0.000869 -0.000853 2.704698 -4.487970 0.000348
c7 -0.000652 -0.001213 -0.226597 -0.975483 0.000428
c8 -0.000689 -0.001373 1.781826 -4.106071 0.000593
c9 -0.000296 -0.002279 0.737673 -4.239742 0.000813
c10 -0.000242 -0.002589 -0.193772 -5.030174 0.000886
c11 -0.000293 -0.003908 -4.026713 -1.238388 0.001149
c12 -0.000963 -0.004114 -4.122030 -6.978862 0.001315
c13 -0.004580 -0.010236 1.304487 -4.429442 0.002192
c14 -0.004241 -0.011386 -1.177561 -4.231296 0.002452
c15 -0.004759 -0.013247 -3.138371 -0.141496 0.002892
c16 -0.005931 -0.013300 2.044604 0.736189 0.003265
c17 -0.004885 -0.012924 -1.328579 0.566445 0.003777
c18 -0.005022 -0.012865 -0.916048 5.215080 0.003880
c19 -0.005179 -0.011971 -3.481252 4.564168 0.004052
c20 -0.005447 -0.011621 -4.275142 2.799954 0.004128
c21 -0.005658 -0.011482 0.455221 -0.522945 0.004178
c22 -0.005507 -0.011656 1.752173 -4.494399 0.004511
c23 -0.004497 -0.014248 -1.680385 1.662036 0.005087
c24 -0.005673 -0.013084 -2.523248 3.023761 0.005788
c25 -0.006434 -0.012173 2.520097 7.377246 0.006089
c26 -0.005847 -0.010455 9.353982 1.979488 0.006322
c27 -0.005720 -0.010428 4.822117 -3.001869 0.006335
c28 -0.005053 -0.010843 3.425436 -4.688707 0.006474
c29 -0.004095 -0.012155 0.317682 -4.693710 0.006754
c30 -0.004026 -0.013164 -5.509632 -0.492999 0.006968
c31 -0.006744 -0.013407 -9.567766 -7.037539 0.007462
c32 -0.008471 -0.014677 -7.081863 -6.707800 0.007642
c33 -0.008869 -0.015054 -1.690788 0.680629 0.007698
c34 -0.008903 -0.015041 1.876003 2.272902 0.007718
c35 -0.008010 -0.013960 7.826410 0.028756 0.008194
c36 -0.005182 -0.013949 8.394630 -7.825781 0.008555
c37 -0.004620 -0.014473 8.057061 -1.994376 0.008622
c38 -0.002760 -0.014933 7.943731 -3.470074 0.008853
c39 0.005804 -0.018675 4.569470 -7.480858 0.009931
c40 0.005869 -0.018781 6.709694 -5.918234 0.009945
c41 0.007220 -0.019972 4.423869 -5.535914 0.010147
c42 0.007715 -0.020592 1.956066 -1.532520 0.010259
c43 0.008754 -0.021406 -1.967762 -1.975136 0.010790
c44 0.007762 -0.022402 -0.249402 -2.019476 0.011294
c45 0.007571 -0.023945 1.790160 -4.312739 0.012058
c46 0.008055 -0.025112 -2.020863 -5.605038 0.012329
c47 0.007539 -0.026545 2.631681 -11.563619 0.012584
c48 0.007918 -0.028210 -0.760124 -10.726771 0.012728
c49 0.007726 -0.030919 4.403330 0.647904 0.012981
c50 0.008319 -0.030831 3.183115 -3.775845 0.013116
c51 0.008740 -0.031331 6.989775 -2.180198 0.013248
c52 0.010147 -0.031770 7.568515 3.329141 0.013449
c53 0.012838 -0.030586 4.559175 7.133410 0.013805
c54 0.012870 -0.030537 0.406101 0.094626 0.013812
c55 0.012942 -0.030520 5.902192 3.783221 0.013989
c56 0.014201 -0.029712 8.299998 2.269868 0.014203
c57 0.014867 -0.029530 9.427864 1.650119 0.014283
c58 0.015491 -0.029421 0.089915 -2.157183 0.014349
c59 0.015495 -0.029521 1.821179 -3.028954 0.014395
c60 0.015660 -0.029796 -5.561436 -0.923746 0.014486
c61 0.015058 -0.029895 -4.273216 -1.792756 0.014594
c62 0.014171 -0.030268 -5.252925 9.111075 0.014802
c63 0.014168 -0.030263 -6.963516 1.706015 0.014802
c64 0.012697 -0.029903 -6.913513 -0.932438 0.015013
c65 0.011970 -0.030001 -2.823865 3.134364 0.015119
c66 0.011831 -0.029846 -1.546439 2.031757 0.015168
c67 0.011444 -0.029338 2.841202 1.373305 0.015418
c68 0.013411 -0.028387 1.904267 2.243009 0.016110
c69 0.013766 -0.027969 -1.927344 -0.494880 0.016297
c70 0.013046 -0.028153 5.128174 -0.901842 0.016671
c71 0.013736 -0.028275 -3.352071 -7.217852 0.016805
c72 0.007899 -0.040842 -4.280398 -6.324929 0.018546
c73 0.007835 -0.040937 -2.226760 -1.925513 0.018561
c74 0.006565 -0.042035 -1.160506 -0.063235 0.019131
c75 0.006460 -0.042040 -0.517801 -0.889005 0.019222
c76 0.006270 -0.042366 -5.660562 -0.981202 0.019588
c77 0.006155 -0.042386 3.221537 -2.409123 0.019609
c78 0.006520 -0.042659 4.579353 1.205839 0.019722
c79 0.012890 -0.040981 5.824783 -0.761398 0.021113
c80 0.021375 -0.036189 8.028743 1.096193 0.023015
c81 0.021628 -0.036154 7.334897 -0.589542 0.023046
c82 0.026302 -0.036442 2.670432 1.571561 0.023693
c83 0.028599 -0.034493 -2.810279 -0.755207 0.024669
c84 0.027569 -0.034770 -7.707217 -2.921631 0.025035
c85 0.025266 -0.035643 -7.449701 3.273459 0.025334
c86 0.025059 -0.035552 -0.145493 1.013859 0.025362
c87 0.025047 -0.035469 2.575565 5.804787 0.025444
c88 0.025088 -0.035378 -3.031863 1.292007 0.025459
c89 0.024882 -0.035290 -2.541324 2.211890 0.025527
c90 0.024149 -0.034652 4.608020 3.260697 0.025815
c91 0.024748 -0.034229 4.795666 3.696587 0.025945
c92 0.025231 -0.033856 5.973682 -5.049648 0.026046
c93 0.025465 -0.034054 6.980815 -3.728081 0.026085
c94 0.027747 -0.035273 6.926582 -5.556030 0.026412
c95 0.027823 -0.035305 -3.749968 3.270095 0.026432
c96 0.027734 -0.035228 1.162729 5.152495 0.026455
c97 0.027774 -0.035050 -0.713734 -1.785495 0.026490
c98 0.026295 -0.035731 -1.445251 4.573535 0.027447
c99 0.026283 -0.035691 0.281311 5.594137 0.027456
c100 0.026393 -0.033500 2.976667 1.536448 0.027847
c101 0.026577 -0.033406 4.988464 -0.121278 0.027909
c102 0.030133 -0.032582 2.729441 6.905357 0.028789
c103 0.031007 -0.030370 4.773759 0.895969 0.029110
c104 0.033899 -0.026205 -3.125593 2.904329 0.030421
c105 0.033687 -0.026008 -1.180840 5.566858 0.030489
c106 0.033055 -0.023026 -2.279432 -2.978610 0.031024
c107 0.032954 -0.023158 1.198445 1.941888 0.031068
c108 0.034127 -0.021257 -3.135908 2.238422 0.032047
c109 0.032527 -0.020114 -1.499470 1.927886 0.032558
c110 0.032058 -0.019512 -1.701394 1.417109 0.032870
c111 0.031791 -0.019289 -0.791983 0.679982 0.033028
c112 0.031491 -0.019032 4.386224 3.821665 0.033406
c113 0.033385 -0.017382 -0.846254 8.020869 0.033837
c114 0.032303 -0.007126 1.282007 -2.249864 0.035116
c115 0.032399 -0.007294 5.216770 -2.617287 0.035191
c116 0.032435 -0.007312 1.858786 -6.762661 0.035198
c117 0.033281 -0.010392 1.327551 -7.718998 0.035653
c118 0.033386 -0.011001 6.795304 -1.624406 0.035732
c119 0.033660 -0.011067 6.000643 -3.748337 0.035773
c120 0.033952 -0.011250 3.002347 0.641518 0.035821
c121 0.034374 -0.011159 5.634519 -0.717949 0.035962
c122 0.039420 -0.011802 10.453348 -3.494022 0.036857
c123 0.041138 -0.012499 -4.835810 -7.576657 0.037389
c124 0.041015 -0.012693 -4.751129 2.951416 0.037414
c125 0.040613 -0.012443 -0.297641 0.926582 0.037499
c126 0.040508 -0.012118 4.678085 -1.409822 0.037850
c127 0.040882 -0.012240 -2.994945 -3.864695 0.038882
c128 0.040229 -0.013082 5.997794 -2.200359 0.039100
c129 0.041114 -0.013406 3.546622 -3.189302 0.039247
c130 0.042014 -0.014216 -2.114700 -5.452217 0.039501
c131 0.040051 -0.019278 4.563023 -1.428505 0.040430
c132 0.040127 -0.019139 4.035238 3.112740 0.040661
c133 0.040991 -0.017496 6.592412 -5.056694 0.041073
c134 0.041326 -0.017753 4.904115 -7.793700 0.041124
c135 0.038240 -0.018394 -1.328466 -6.772640 0.041470
c136 0.038221 -0.018491 0.807000 -10.901297 0.041485
c137 0.036480 -0.024102 -2.802025 -0.246429 0.042124
c138 0.035062 -0.024227 -0.889523 2.093894 0.042630
c139 0.034056 -0.021859 3.566177 -1.319437 0.043761
c140 0.034209 -0.021915 -4.499542 0.237677 0.043804
c141 0.034038 -0.021906 -2.357622 1.790602 0.043842
c142 0.033302 -0.021347 -4.900920 -0.022853 0.044154
c143 0.032089 -0.021353 -14.036486 -9.897525 0.044401
c144 0.025189 -0.026218 -9.508652 -9.784008 0.044893
c145 0.023873 -0.027572 -3.788279 -5.446679 0.045031
c146 0.022363 -0.029743 4.123992 2.637404 0.045430
c147 0.023910 -0.028754 -0.577380 0.535904 0.045805
c148 0.023715 -0.028573 7.688643 2.770619 0.046143
c149 0.024124 -0.028425 10.749776 -1.281574 0.046196
c150 0.029544 -0.029071 1.676713 -5.399367 0.046700
c151 0.029690 -0.029542 -2.164556 -8.811935 0.046787
c152 0.029688 -0.029550 1.404369 -5.746949 0.046788
c153 0.029693 -0.029571 -0.669948 -1.751234 0.046792
c154 0.029493 -0.030093 7.891865 -6.408812 0.047090
c155 0.030161 -0.030635 5.020232 1.492914 0.047175
c156 0.033781 -0.029559 0.728738 0.266337 0.047896
c157 0.034175 -0.028652 4.139598 -3.280904 0.049285
c158 0.032451 -0.027097 1.360050 4.031275 0.049878
c159 0.033850 -0.022952 3.308981 1.322823 0.050906
c160 0.034377 -0.022741 -1.255436 2.188595 0.051065
c161 0.033894 -0.021900 3.180054 6.902784 0.051450
c162 0.038804 -0.011242 4.470979 4.149422 0.052994
c163 0.039204 -0.010870 1.259745 3.283592 0.053083
c164 0.039720 -0.009525 -2.896979 -0.639684 0.053493
c165 0.039346 -0.009607 -2.015232 -4.627247 0.053622
c166 0.038961 -0.010491 -6.440142 -4.544407 0.053813
c167 0.038659 -0.010705 -0.094244 -0.212498 0.053860
c168 0.038595 -0.010849 -2.373433 5.472362 0.054537
c169 0.037179 -0.007584 -0.728031 -1.384003 0.055134
c170 0.036584 -0.008714 -0.734996 -5.669891 0.055950
c171 0.036515 -0.009249 4.615480 0.193794 0.056044
c172 0.036820 -0.009236 -0.511212 5.140510 0.056110
c173 0.036758 -0.008614 -3.777767 3.213129 0.056231
c174 0.035160 -0.007255 -3.257620 3.894366 0.056654
c175 0.034050 -0.005927 1.941318 -0.097417 0.056995
c176 0.034594 -0.005955 1.728134 -0.801097 0.057276
c177 0.034630 -0.005972 -2.422648 1.541944 0.057297
c178 0.034562 -0.005928 -4.116176 2.497859 0.057325
c179 0.030582 -0.003513 -4.910555 -2.999634 0.058292
c180 0.029509 -0.004169 0.937215 -0.548091 0.058510
c181 0.029650 -0.004251 -2.109136 4.070283 0.058661
c182 0.027534 -0.000167 2.036010 0.615963 0.059665
c183 0.027907 -0.000054 0.423999 -2.412219 0.059848
c184 0.027912 -0.000085 -0.605821 -1.996565 0.059861
c185 0.026913 -0.003378 -4.357300 -1.231343 0.061510
c186 0.026344 -0.003539 1.629901 -5.910959 0.061641
c187 0.027237 -0.006776 7.069812 1.268133 0.062188
c188 0.029923 -0.006295 0.388933 -1.216813 0.062568
c189 0.030253 -0.007327 1.151423 -3.773549 0.063417
c190 0.030369 -0.007708 -1.079460 0.155806 0.063518
c191 0.029966 -0.007650 -0.951685 3.027047 0.063891
c192 0.029685 -0.006756 -3.463529 0.482884 0.064187
c193 0.029490 -0.006729 -2.812592 5.850555 0.064243
c194 0.029480 -0.006706 4.113511 10.729198 0.064247
c195 0.029666 -0.006220 5.016010 6.752358 0.064292
c196 0.030565 -0.005009 3.416940 3.709803 0.064471
c197 0.031584 -0.003903 0.716120 7.958565 0.064770
c198 0.031677 -0.002876 -4.811720 -2.774937 0.064899
c199 0.029894 -0.003904 -4.661062 -3.106709 0.065269
c200 0.029126 -0.004416 6.441439 -3.752405 0.065434
c201 0.030417 -0.005168 2.860377 -1.981397 0.065634
c202 0.032163 -0.006378 4.540897 -2.064482 0.066245
c203 0.033107 -0.006807 3.390836 -3.083422 0.066453
c204 0.035938 -0.009382 5.419187 -3.920080 0.067288
c205 0.036664 -0.009907 -3.998754 -4.699959 0.067422
c206 0.036049 -0.010630 -2.430265 -5.551870 0.067576
c207 0.035071 -0.012865 4.189810 -1.242349 0.067978
c208 0.035133 -0.012883 1.104286 -0.444632 0.067993
c209 0.035266 -0.012936 5.812398 -1.354361 0.068113
c210 0.036829 -0.013301 6.840900 -4.862723 0.068382
c211 0.032569 -0.015437 -3.645348 8.839710 0.070206
c212 0.031799 -0.013568 -2.406216 8.837492 0.070418
c213 0.030573 -0.009065 -4.176494 7.257866 0.070927
c214 0.030423 -0.008805 0.616625 4.606210 0.070963
c215 0.030700 -0.006735 -0.848563 2.927683 0.071412
c216 0.030469 -0.005939 2.548184 -1.035159 0.071684
c217 0.031429 -0.006329 1.853295 -3.417556 0.072061
c218 0.033191 -0.009579 -0.892917 -8.549820 0.073012
c219 0.033189 -0.009597 -2.986046 -7.842808 0.073014
c220 0.032675 -0.010949 3.897516 -4.897890 0.073186
c221 0.035747 -0.014810 3.105973 0.959953 0.073975
c222 0.035852 -0.014777 0.227562 -0.958761 0.074008
c223 0.035956 -0.015217 2.442615 3.444325 0.074467
c224 0.036599 -0.014311 0.067833 -7.764894 0.074730
c225 0.036648 -0.019924 4.573109 -3.947603 0.075453
c226 0.037186 -0.020388 2.662343 -3.504628 0.075571
c227 0.037349 -0.020603 9.957926 -3.351166 0.075632
c228 0.038145 -0.020871 8.460151 -3.102591 0.075712
c229 0.038805 -0.021113 11.509502 3.026910 0.075790
c230 0.038843 -0.021103 1.313956 4.330297 0.075793
c231 0.038867 -0.021023 -5.068674 4.936145 0.075812
c232 0.037011 -0.019216 -2.086569 -4.308730 0.076178
c233 0.036648 -0.019967 -0.283351 2.898970 0.076352
c234 0.036500 -0.018461 -8.483675 -8.223625 0.076872
c235 0.035914 -0.019029 -8.241082 3.810086 0.076941
c236 0.033213 -0.017780 -4.476766 3.919030 0.077269
c237 0.031919 -0.016648 -0.078870 2.731135 0.077557
c238 0.031866 -0.014813 1.883633 0.594498 0.078229
c239 0.032307 -0.014674 -4.197163 1.938368 0.078463
c240 0.030969 -0.014056 1.287922 3.558685 0.078782
c241 0.031226 -0.013346 0.729982 0.262189 0.078982
c242 0.031913 -0.013099 4.124308 -4.069362 0.079922
c243 0.035577 -0.016715 6.191028 1.327166 0.080811
c244 0.035598 -0.016711 1.966921 3.622839 0.080814
c245 0.036188 -0.015625 2.097377 -3.468825 0.081114
c246 0.036707 -0.016483 3.859174 -7.660379 0.081361
c247 0.037422 -0.017903 6.474171 -0.914329 0.081546
c248 0.037661 -0.017936 2.062150 3.927522 0.081583
c249 0.040022 -0.013441 2.652895 0.717399 0.082728
c250 0.040050 -0.013433 0.645045 0.782656 0.082739
c251 0.040236 -0.013207 2.156712 3.332100 0.083028
c252 0.040503 -0.012794 -1.929105 -1.269363 0.083152
c253 0.039813 -0.013248 -2.278945 -0.713646 0.083509
c254 0.039749 -0.013268 4.742524 2.681268 0.083537
c255 0.042444 -0.009210 0.854750 7.282746 0.084758
c256 0.042717 -0.006882 0.991720 1.741599 0.085077
c257 0.042939 -0.006492 -1.606972 -0.546917 0.085301
c258 0.040286 -0.007395 5.621860 9.649303 0.086952
c259 0.040995 -0.006179 6.058824 6.353438 0.087078
c260 0.037566 0.007269 1.332738 4.332211 0.089084
c261 0.038050 0.008841 6.989272 5.584803 0.089447
c262 0.039047 0.009638 1.195309 2.224595 0.089590
c263 0.039064 0.009669 -3.480658 4.840612 0.089604
c264 0.037365 0.012032 -7.623006 -0.741944 0.090092
c265 0.035542 0.011854 -9.692782 -2.428244 0.090331
c266 0.034717 0.011647 -1.993224 -5.049132 0.090416
c267 0.034280 0.010540 -4.944603 -6.637017 0.090635
c268 0.029250 0.003789 -3.770832 0.017731 0.091653
c269 0.026477 0.003802 -0.165978 -0.416531 0.092388
c270 0.026424 0.003667 5.795578 4.029390 0.092710
c271 0.027567 0.004462 -1.339326 -0.175640 0.092907
c272 0.026453 0.004316 -0.720320 3.182025 0.093739
c273 0.026323 0.004892 2.145930 4.900917 0.093920
c274 0.026410 0.005090 -1.366114 10.979190 0.093961
c275 0.026142 0.007245 1.551467 12.019415 0.094157
c276 0.026145 0.007271 5.045927 8.856765 0.094159
c277 0.029552 0.013251 -0.836205 11.768472 0.094834
c278 0.029502 0.013955 0.397307 7.605889 0.094894
c279 0.029701 0.017765 -3.432991 5.264292 0.095395
c280 0.029381 0.018255 -6.487700 -1.460270 0.095488
c281 0.028997 0.018169 0.327167 -3.240248 0.095547
c282 0.029141 0.016740 1.876452 -6.495713 0.095988
c283 0.029207 0.016513 3.743674 -1.819078 0.096023
c284 0.031666 0.015318 6.668757 -3.453943 0.096680
c285 0.034895 0.013645 1.047094 -6.304768 0.097164
c286 0.035156 0.012078 4.611639 -3.946227 0.097413
c287 0.035391 0.011877 4.695936 -0.003231 0.097464
c288 0.038366 0.011875 -2.547164 -3.089355 0.098098
c289 0.036160 0.009199 -6.309490 -5.246399 0.098964
c290 0.035037 0.008265 -1.872756 0.136110 0.099142
c291 0.034643 0.008294 -2.221938 -4.074072 0.099352
c292 0.034510 0.008051 1.628598 2.533033 0.099412
c293 0.035696 0.009894 1.285115 -3.616871 0.100139
c294 0.036706 0.007051 0.403733 -8.128364 0.100926
c295 0.036786 0.005444 0.707193 0.997140 0.101123
c296 0.037356 0.006248 -2.217719 -2.161843 0.101930
c297 0.036850 0.005754 2.299033 -1.170134 0.102158
c298 0.037025 0.005666 -1.305339 4.344575 0.102234
c299 0.036645 0.006929 1.550523 7.843757 0.102525
c300 0.037590 0.011709 0.186508 4.614555 0.103134
c301 0.037841 0.017907 -1.029775 4.592142 0.104477
c302 0.037554 0.019184 -1.626219 4.443296 0.104755
c303 0.035648 0.024391 -6.313284 6.666659 0.105927
c304 0.034484 0.025621 -4.278270 1.848343 0.106112
c305 0.034100 0.025787 3.841959 0.202975 0.106201
c306 0.034534 0.025810 0.399257 -0.772496 0.106314
c307 0.034607 0.025668 -5.157375 0.139619 0.106497
c308 0.033430 0.025700 -6.757673 -0.326496 0.106725
c309 0.033219 0.025690 1.082725 2.013441 0.106756
c310 0.033243 0.025734 -1.222812 1.410692 0.106778
c311 0.032861 0.026175 4.625444 -0.415158 0.107091
c312 0.033164 0.026148 11.222659 -1.438633 0.107157
c313 0.033934 0.026050 7.716295 4.135681 0.107225
c314 0.034594 0.026404 2.272507 8.397202 0.107311
c315 0.034611 0.026466 5.478204 3.895913 0.107318
c316 0.035407 0.027032 0.504335 6.625626 0.107464
c317 0.033605 0.028023 -1.553081 0.504806 0.107849
c318 0.033029 0.028210 3.290794 3.088437 0.108219
c319 0.033491 0.028643 3.211493 1.105579 0.108360
c320 0.034412 0.028925 -1.773010 -8.267130 0.108668
c321 0.034301 0.028409 -0.956773 -3.970014 0.108731
c322 0.033978 0.027070 1.805614 -1.610021 0.109068
c323 0.034117 0.026946 -4.638290 1.563025 0.109145
c324 0.033409 0.027185 -4.670731 9.222153 0.109298
c325 0.033359 0.027283 -5.618846 2.804033 0.109308
c326 0.033265 0.027330 5.492081 4.363676 0.109325
c327 0.033091 0.027103 -3.668665 -7.602230 0.109920
c328 0.031785 0.024396 0.151404 -4.193962 0.110276
c329 0.031792 0.024209 0.492812 -0.138563 0.110321
c330 0.031816 0.024202 -1.421519 -2.117823 0.110370
c331 0.030481 0.022212 0.679220 -3.127023 0.111310
c332 0.030698 0.021211 6.364154 -2.362150 0.111630
c333 0.033428 0.020198 4.559626 1.200650 0.112059
c334 0.034543 0.020492 -5.400750 2.056371 0.112303
c335 0.032372 0.021318 -1.959909 3.488024 0.112705
c336 0.031946 0.022077 -2.853394 3.012182 0.112923
c337 0.031356 0.022699 -2.271876 -1.947273 0.113130
c338 0.031206 0.022571 1.067020 -2.137742 0.113196
c339 0.032006 0.020967 5.169948 -0.559075 0.113946
c340 0.032291 0.020936 4.105983 6.457519 0.114001
c341 0.033985 0.023601 0.938990 2.116763 0.114414
c342 0.034276 0.024255 -6.493864 -1.569873 0.114723
c343 0.033310 0.024022 -3.163691 2.864110 0.114871
c344 0.032937 0.024360 1.019447 3.380467 0.114989
c345 0.033413 0.025938 6.338488 -3.312227 0.115456
c346 0.035176 0.025017 4.568597 -3.782793 0.115734
c347 0.036453 0.023960 5.621629 -2.568973 0.116014
c348 0.036828 0.023788 4.708742 -3.072159 0.116081
c349 0.037045 0.023646 1.652367 -4.960305 0.116127
c350 0.037081 0.023538 -0.305944 -6.232303 0.116149
c351 0.037060 0.023101 -2.751103 -1.570315 0.116219
c352 0.036951 0.023039 -2.143696 -0.949282 0.116258
c353 0.036217 0.022714 -1.938619 0.069116 0.116601
c354 0.035122 0.022753 2.231493 0.403855 0.117165
c355 0.036054 0.022922 1.227349 -0.544049 0.117583
c356 0.036150 0.022879 -0.892860 0.614488 0.117660
c357 0.036145 0.022882 -4.124652 2.337002 0.117665
c358 0.028514 0.027206 1.304275 -10.268378 0.119515
c359 0.028522 0.027150 1.409240 -0.338073 0.119521
c360 0.029456 0.026926 1.524032 -4.106857 0.120184
c361 0.029615 0.026496 2.721043 -0.531242 0.120288
c362 0.029625 0.026494 2.139505 9.124656 0.120292
c363 0.029932 0.027800 2.074791 6.316735 0.120435
c364 0.029935 0.027811 -1.582151 5.443131 0.120437
c365 0.028890 0.031404 -1.397879 0.136936 0.121097
c366 0.028192 0.031473 6.660656 6.280540 0.121597
c367 0.029532 0.032736 3.110549 10.489614 0.121798
c368 0.024400 0.031344 -4.502816 2.515218 0.122430
c369 0.023917 0.031614 -7.497194 0.504982 0.122537
c370 0.020097 0.031871 -1.404804 2.735748 0.123047
c371 0.020005 0.032051 -2.433811 -0.661554 0.123112
c372 0.019595 0.031940 0.020216 3.397376 0.123281
c373 0.019599 0.032566 -1.404469 9.343703 0.123465
c374 0.018374 0.040715 7.282577 5.095929 0.124337
c375 0.019126 0.036740 4.164977 -5.315547 0.124855
c376 0.019748 0.035947 10.633066 -2.532151 0.125004
c377 0.020542 0.035757 8.469877 -5.941210 0.125079
c378 0.023013 0.034024 11.049709 0.912286 0.125370
c379 0.025702 0.034246 2.006542 -4.285037 0.125614
c380 0.026022 0.033563 -5.847319 -9.537532 0.125773
c381 0.025714 0.033060 1.717046 -7.564150 0.125826
c382 0.026611 0.029106 0.054162 -1.075170 0.126349
c383 0.026612 0.029088 -0.355899 0.622069 0.126366
c384 0.026561 0.029177 2.466829 1.679591 0.126509
c385 0.028200 0.030293 3.539264 3.161780 0.127173
c386 0.028560 0.030614 3.750564 0.567899 0.127275
c387 0.030112 0.030849 -0.275562 -4.424041 0.127688
c388 0.030035 0.029611 -2.633113 -6.245188 0.127968
c389 0.027881 0.024502 -1.910131 -5.594966 0.128786
c390 0.027794 0.024248 -1.022530 -3.810787 0.128832
c391 0.026650 0.019984 1.439592 -9.042259 0.129951
c392 0.026854 0.018706 1.687105 -2.996149 0.130092
c393 0.027568 0.017438 3.384240 -0.062248 0.130515
c394 0.029965 0.017394 9.127835 0.137703 0.131224
c395 0.040663 0.017555 7.874443 1.832451 0.132396
c396 0.038743 0.015998 -0.071589 -5.805906 0.132873
c397 0.038735 0.015337 1.782660 3.509229 0.132987
c398 0.039492 0.016827 2.309730 4.478834 0.133411
c399 0.039998 0.017809 4.101764 0.895893 0.133630
c400 0.040786 0.017980 1.970548 3.501003 0.133822
c401 0.039713 0.018733 -4.450011 2.786777 0.134295
c402 0.039021 0.019167 4.670896 5.260552 0.134450
c403 0.039814 0.020367 -3.549411 -4.313461 0.134726
c404 0.037514 0.017573 -0.035867 1.445107 0.135374
c405 0.037511 0.017706 0.274154 3.407713 0.135467
c406 0.037530 0.017938 -0.892901 1.144915 0.135535
c407 0.037052 0.018550 -1.512993 7.708195 0.136070
c408 0.037031 0.018657 -6.765913 5.901874 0.136083
c409 0.035817 0.019716 -8.337360 8.355501 0.136263
c410 0.033240 0.022299 -2.754140 9.476048 0.136572
c411 0.032881 0.023533 3.289659 10.087239 0.136702
c412 0.033920 0.026716 2.569395 5.668580 0.137018
c413 0.034080 0.027069 3.396406 4.420602 0.137080
c414 0.034621 0.027775 4.708870 3.470737 0.137239
c415 0.033334 0.026589 -1.304309 3.560428 0.137749
c416 0.033227 0.026879 0.573519 7.932797 0.137830
c417 0.033366 0.028792 1.410519 2.431842 0.138071
c418 0.032135 0.028927 0.897638 6.871930 0.139084
c419 0.029833 0.030959 -0.576198 -0.187802 0.139791
c420 0.029648 0.030899 -0.126307 1.060621 0.140112
c421 0.029594 0.031350 3.387585 -5.087277 0.140538
c422 0.031406 0.028630 3.990621 -2.958994 0.141072
c423 0.033145 0.027341 -1.553397 -0.206456 0.141508
c424 0.031644 0.027142 4.296647 0.369608 0.142474
c425 0.035613 0.027431 -3.952317 -2.133795 0.143415
c426 0.034025 0.026574 -5.132761 -1.234762 0.143817
c427 0.030305 0.025679 -1.582106 -2.565425 0.144542
c428 0.030186 0.025486 1.704151 4.993503 0.144617
c429 0.032131 0.031186 -2.528513 5.320783 0.145758
c430 0.031844 0.031792 3.002783 -1.403505 0.145872
c431 0.031930 0.031619 -3.847546 -2.542975 0.145931
c432 0.028459 0.029325 -0.558912 -6.877806 0.146833
c433 0.028335 0.027802 -4.534374 -3.588684 0.147054
c434 0.028047 0.027574 -6.830728 -1.986764 0.147118
c435 0.027624 0.027451 -8.387718 1.450326 0.147180
c436 0.025786 0.027769 -3.800616 -1.442032 0.147399
c437 0.025514 0.027666 -3.055881 -0.830317 0.147471
c438 0.025333 0.027616 3.292908 -0.981015 0.147530
c439 0.025396 0.027598 3.306490 -2.526679 0.147549
c440 0.025433 0.027569 -6.268474 1.055874 0.147560
c441 0.025039 0.027636 -6.271530 0.799351 0.147623
c442 0.021608 0.028073 -0.359261 5.779379 0.148170
c443 0.021606 0.028105 -3.606803 4.867844 0.148176
c444 0.021084 0.028809 -4.129652 3.304486 0.148321
c445 0.020836 0.029008 1.187718 4.881368 0.148381
c446 0.021041 0.029850 -1.522874 1.295291 0.148553
c447 0.019949 0.030779 -1.073506 0.716254 0.149271
c448 0.018911 0.031471 4.050177 -1.616580 0.150237
c449 0.022480 0.030047 4.499298 -0.790470 0.151118
c450 0.022652 0.030017 6.714416 -1.830292 0.151156
c451 0.023444 0.029801 6.326874 4.391091 0.151274
c452 0.024299 0.030394 4.434284 -3.490308 0.151409
c453 0.024913 0.029911 0.528001 -1.449088 0.151548
c454 0.025048 0.029539 9.378239 -7.337807 0.151804
c455 0.025882 0.028887 5.884215 -1.235038 0.151893
c456 0.030487 0.027921 2.565357 2.908347 0.152676
c457 0.031065 0.028575 2.941728 0.000420 0.152901
c458 0.031247 0.028575 3.647891 4.655262 0.152963
c459 0.032866 0.030641 -0.685302 4.515256 0.153406
c460 0.028844 0.031637 3.069085 1.617931 0.154330
c461 0.030823 0.032681 7.045706 -4.665856 0.154975
c462 0.033376 0.029401 -0.853930 -5.507120 0.155469
c463 0.033133 0.027834 6.529689 0.647165 0.155754
c464 0.034021 0.027922 3.291991 1.754684 0.155890
c465 0.032754 0.025810 -1.478077 3.892443 0.157062
c466 0.027530 0.034310 0.551678 -0.281229 0.159653
c467 0.028647 0.033741 -5.830224 -2.375876 0.161677
c468 0.028539 0.033697 -4.740779 -0.284324 0.161696
c469 0.028256 0.033680 -9.818257 -2.494632 0.161755
c470 0.025755 0.033045 -0.612234 -7.295376 0.162010
c471 0.025582 0.030988 -1.964542 -2.899770 0.162292
c472 0.023653 0.028140 3.692426 -6.380420 0.163274
c473 0.025631 0.024723 -0.808344 1.715345 0.163810
c474 0.025513 0.024973 -0.754993 5.428096 0.163956
c475 0.025125 0.027763 -3.781469 5.956273 0.164470
c476 0.023057 0.031020 -3.833760 2.955329 0.165016
c477 0.020741 0.032805 -0.090340 -1.997296 0.165620
c478 0.020724 0.032433 -2.609233 1.224663 0.165807
c479 0.020283 0.032640 9.539463 1.708759 0.165976
c480 0.020621 0.032700 10.006124 -3.268754 0.166011
c481 0.020954 0.032592 12.217895 -1.031314 0.166045
c482 0.022845 0.032432 5.964371 -7.686507 0.166199
c483 0.023582 0.031482 6.169590 0.285448 0.166323
c484 0.025664 0.031579 7.605481 0.049422 0.166660
c485 0.029602 0.031604 6.093234 3.568470 0.167178
c486 0.030793 0.031867 -7.686547 -0.396180 0.167529
c487 0.029600 0.031805 -5.966431 4.810537 0.167685
c488 0.029570 0.031830 -3.151877 6.068080 0.167690
c489 0.028835 0.033245 -7.712839 8.157011 0.167923
c490 0.025892 0.036357 -4.888571 -0.988527 0.168304
c491 0.025290 0.036236 5.266915 -2.321833 0.168428
c492 0.026107 0.035875 -4.244575 -0.236666 0.168583
c493 0.023627 0.035737 -4.977867 1.164007 0.169167
c494 0.022988 0.035887 -3.965168 4.430415 0.169295
c495 0.022845 0.036046 -1.148291 6.249836 0.169331
c496 0.022395 0.038496 7.517878 1.805697 0.169723
c497 0.023536 0.036799 -0.691604 -9.413676 0.170058
c498 0.023490 0.036170 -0.606286 -1.036577 0.170124
c499 0.023364 0.035955 -2.399141 -1.444790 0.170332
c500 0.022559 0.035470 0.545477 1.670901 0.170668
c501 0.022615 0.035639 1.895496 -4.264216 0.170769
c502 0.022930 0.034930 2.818154 -0.257715 0.170935
c503 0.023819 0.034849 1.669981 -2.579881 0.171251
c504 0.026468 0.030756 2.247677 -0.728123 0.172837
c505 0.026897 0.030617 2.802108 -3.412960 0.173028
c506 0.028601 0.028542 0.423146 0.913464 0.173636
c507 0.028784 0.028937 1.726554 1.616724 0.174069
c508 0.030348 0.030402 0.872833 0.938716 0.174975
c509 0.031413 0.031547 -3.237315 6.084622 0.176195
c510 0.031168 0.032008 2.180642 1.556855 0.176270
c511 0.031426 0.032184 1.392749 -2.826896 0.176400
c512 0.031568 0.031894 -2.018710 0.972367 0.176503
c513 0.030945 0.032195 -5.299798 3.945528 0.176811
c514 0.030236 0.032722 -4.531636 1.370462 0.176945
c515 0.026277 0.033920 -1.582357 2.748918 0.177819
c516 0.025010 0.036120 -1.780867 4.450816 0.178619
c517 0.024410 0.037620 -0.348049 1.131755 0.178956
c518 0.023502 0.037741 6.489884 -1.956525 0.179872
c519 0.025906 0.036470 9.084103 0.276365 0.180290
c520 0.026500 0.035958 -1.345223 -6.162866 0.180398
c521 0.025738 0.032467 -3.870689 -0.630567 0.180965
c522 0.023930 0.032173 -5.930685 5.122460 0.181432
c523 0.022881 0.033079 -1.650811 7.953029 0.181608
c524 0.022497 0.034932 -2.816350 1.373718 0.181842
c525 0.021622 0.035359 -1.719354 3.274358 0.182152
c526 0.021548 0.035500 -4.991231 -4.790111 0.182195
c527 0.017395 0.031515 -7.399952 -8.151054 0.183027
c528 0.014894 0.028759 2.810755 -8.387203 0.183365
c529 0.016033 0.025361 -5.889075 -7.117791 0.183771
c530 0.016020 0.025346 0.283753 -3.939121 0.183773
c531 0.016150 0.023545 -3.976428 1.082770 0.184230
c532 0.015344 0.023765 -0.389192 -0.255486 0.184432
c533 0.015252 0.023705 -5.755093 1.186486 0.184668
c534 0.010605 0.024663 -2.265273 -0.303153 0.185475
c535 0.008014 0.024316 -3.503671 -1.632689 0.186619
c536 0.007611 0.024129 -1.211128 -1.941394 0.186734
c537 0.007276 0.023590 -0.590716 -6.678855 0.187011
c538 0.007131 0.021955 -3.121050 -5.347630 0.187256
c539 0.005522 0.019199 -5.267741 -3.458704 0.187771
c540 0.004633 0.018616 1.076407 6.605223 0.187940
c541 0.004988 0.020792 4.435015 5.794389 0.188270
c542 0.011922 0.029851 2.537315 6.862617 0.189833
c543 0.012728 0.032032 -6.994687 -1.133863 0.190151
c544 0.003518 0.030539 0.042002 2.048354 0.191467
c545 0.003518 0.030545 -3.338623 0.849080 0.191471
c546 0.002113 0.030903 -2.439848 -3.512693 0.191892
c547 0.001627 0.030204 -4.440381 -1.205400 0.192091
c548 -0.000247 0.029695 -1.784817 -7.681155 0.192513
c549 -0.000267 0.029610 -1.280556 -7.861646 0.192524
c550 -0.000475 0.028331 4.092602 -4.321402 0.192687
c551 0.004673 0.022894 5.462947 -3.531079 0.193945
c552 0.008317 0.020539 6.183871 -4.482998 0.194612
c553 0.012320 0.017637 10.253689 -0.062474 0.195259
c554 0.012662 0.017635 2.012901 1.402249 0.195292
c555 0.012935 0.017825 3.735226 -5.242669 0.195428
c556 0.014643 0.015427 -3.356333 -5.765320 0.195885
c557 0.013031 0.012657 -5.579098 -2.770194 0.196366
c558 0.012906 0.012595 -6.001945 -1.047547 0.196388
c559 0.011935 0.012426 -6.676672 -4.023824 0.196550
c560 0.011825 0.012360 -7.439976 -2.741718 0.196566
c561 0.011740 0.012328 0.074360 -1.309080 0.196578
c562 0.011746 0.012227 -9.197076 2.818879 0.196655
c563 0.010637 0.012567 -4.746244 -2.506609 0.196776
c564 0.010053 0.012259 0.994980 -0.388496 0.196898
c565 0.010552 0.012064 6.990417 -2.774449 0.197399
c566 0.011704 0.011607 7.122650 1.788742 0.197564
c567 0.011746 0.011617 10.293574 1.651518 0.197570
c568 0.012469 0.011733 6.816715 0.554220 0.197640
c569 0.014079 0.011864 5.598266 5.216054 0.197876
c570 0.015566 0.013250 3.677059 4.800770 0.198142
c571 0.015897 0.013681 3.483035 6.298048 0.198232
c572 0.016091 0.014032 10.218069 5.616024 0.198288
c573 0.016373 0.014187 8.967009 0.013534 0.198315
c574 0.017029 0.014188 9.019270 1.342099 0.198388
c575 0.018556 0.014415 6.082790 3.718476 0.198558
c576 0.022285 0.016695 2.523156 -2.231090 0.199171
c577 0.023945 0.015227 -0.611825 -2.897032 0.199829
c578 0.023813 0.014602 1.244004 0.508100 0.200044
c579 0.024408 0.014845 3.227632 -1.151468 0.200523
c580 0.024594 0.014779 -3.284305 1.727874 0.200581
c581 0.023859 0.015165 -5.051448 -0.813438 0.200804
c582 0.019163 0.014409 -4.848326 1.396206 0.201734
c583 0.017679 0.014837 -1.460171 -5.202394 0.202040
c584 0.017354 0.013677 -2.638953 0.734496 0.202263
c585 0.016827 0.013824 -3.307081 0.521644 0.202463
c586 0.016181 0.013926 -4.674398 0.495683 0.202658
c587 0.013855 0.014172 -3.787459 -0.979512 0.203155
c588 0.013727 0.014139 -0.110192 1.242029 0.203189
c589 0.013721 0.014213 -4.192572 -0.794157 0.203249
c590 0.011795 0.013849 4.127912 -1.225097 0.203708
c591 0.012326 0.013691 -0.255190 0.641235 0.203836
c592 0.012271 0.013830 -3.237535 5.656663 0.204054
c593 0.010997 0.016055 0.107446 1.551192 0.204447
c594 0.011029 0.016516 0.158651 -4.128106 0.204744
c595 0.011042 0.016197 -2.430469 -1.450220 0.204821
c596 0.008290 0.014555 3.873486 -3.314898 0.205953
c597 0.008949 0.013991 2.340743 -7.493100 0.206123
c598 0.009020 0.013763 3.237106 -4.547423 0.206154
c599 0.010044 0.012324 2.033248 0.479676 0.206470
c600 0.013768 0.013202 2.129386 -0.533703 0.208302
c601 0.013902 0.013169 3.349398 2.998797 0.208364
c602 0.015007 0.014159 3.170141 6.442888 0.208694
c603 0.015103 0.014353 0.066352 1.694354 0.208725
c604 0.015112 0.014574 -3.897842 -2.382198 0.208855
c605 0.014253 0.014049 -5.235482 -4.751191 0.209075
c606 0.013507 0.013372 -4.744962 -3.278028 0.209218
c607 0.008563 0.009957 -1.852163 -4.312687 0.210260
c608 0.008310 0.009368 -2.147240 -2.264090 0.210396
c609 0.008200 0.009252 -4.073861 -2.937681 0.210447
c610 0.007578 0.008804 -10.010391 -1.632351 0.210600
c611 0.007361 0.008768 -11.453383 3.490731 0.210622
c612 0.005758 0.009257 -2.908584 -3.339906 0.210762
c613 0.004653 0.007987 -1.754707 -8.144264 0.211142
c614 0.004629 0.007875 -4.538294 -7.674338 0.211156
c615 0.004305 0.007328 -8.300909 -4.375298 0.211227
c616 -0.001597 0.004217 -3.671895 -2.217321 0.211938
c617 -0.003803 0.002885 -0.591464 -2.762032 0.212539
c618 -0.003915 0.002361 -7.107587 -7.628553 0.212728
