100
100
0.3700
0.3700
0.3700
0.3700
0.3700
0.3700
0.3700
0.3700
0.3700
0.3700
0.3700
0.3700
0.3700
0.3700
0.3700
0.3700
0.3700
0.3700
0.3700
0.3700
0.3700
0.3700
0.3700
0.3700
0.3700
0.3700
0.3700
0.3700
0.3700
0.3700
0.3700
0.3700
0.3700
0.3700
0.3700
0.3700
0.3700
0.3700
0.3700
0.3700
0.3700
0.3700
0.3700
0.3700
0.3700
0.3700
0.3700
0.3700
0.3700
0.3700
0.3700
0.3700
0.3700
0.3700
0.3700
0.3700
0.3700
0.3700
0.3700
0.3700
0.3700
0.3700
0.3700
0.3700
0.3700
0.3700
0.3700
0.3700
0.3700
0.3700
0.3700
0.3700
0.3700
0.3700
0.3700
0.3700
0.3700
0.3700
0.3700
0.3700
0.3700
0.3700
0.3700
0.3700
0.3700
0.3700
0.3700
0.3700
0.3700
0.3700
0.3700
0.3700
0.3700
0.3700
0.3700
0.3700
0.3700
0.3700
0.3700
0.3700
